-0.966402
0.295878
0.658360
0.640637
-0.590138
0.718270
1.430406
-0.466029
-2.321773
-2.592296
1.969049
-0.456086
-2.588284
0.133766
1.441896
0.673238
1.594309
0.487811
-1.927231
-1.951100
-2.341372
-2.562672
0.898339
-2.186488
-1.978580
1.310629
-1.463214
1.143609
0.121150
-1.637814
-2.434645
-0.267499
1.458125
-0.859356
2.149230
-0.039905
-1.590012
-1.185100
-1.630222
0.614031
1.450957
-1.143761
1.795453
-1.000452
-2.452672
2.795727
0.134896
-3.032080
1.121821
0.805858
-1.528946
-0.659794
-0.515999
1.629112
-2.204013
1.744928
-1.636238
1.859519
0.647160
1.270665
-1.952559
2.787471
-1.013605
0.322241
-3.344788
-1.734236
-0.449788
-1.474476
-2.031305
-2.100162
0.465113
-0.329942
-2.494657
1.192150
-0.852254
0.930123
-1.633747
-1.929376
-1.322075
-1.990364
-1.429177
-0.279298
0.454057
-0.638496
-1.014411
0.729762
2.061633
-2.557342
-0.117604
3.016068
-2.090429
1.039057
-3.116554
0.942267
0.437131
-2.137369
0.515506
0.166156
1.521472
-0.235917
