-1.363174
1.229740
1.194310
-2.068826
-1.061767
-0.872166
1.401857
-0.347080
-2.768167
0.160369
-3.352140
-3.449251
1.499564
2.899265
-0.169394
-1.015537
1.638792
-1.791129
0.513013
1.767841
-1.271909
0.494200
-1.660609
-1.320586
-0.149504
-1.630923
-0.720986
-1.019509
-2.829537
-2.386065
0.605738
-1.390947
1.105669
-2.127684
1.759922
1.392477
0.361315
-3.097295
-0.089781
-1.557510
-0.735465
-0.970746
-1.463434
1.771126
-2.135733
0.190224
0.453015
-1.528286
-1.811690
-0.767248
0.098180
-1.086487
-0.220190
2.196853
-0.578840
-0.461998
-1.248732
-3.146137
1.019090
-1.728084
-1.350981
1.510796
0.723560
2.099780
-0.739608
-0.486212
-2.493118
0.359754
-0.857931
-1.928374
-2.388807
0.732770
-2.306856
1.212524
-2.035686
-0.814124
-1.539640
1.734529
-1.060930
-1.118515
-0.726099
0.795835
-1.750413
2.440992
1.859334
1.834379
-1.500185
0.883118
-1.992213
-3.527920
0.689024
-1.269612
2.900993
-1.077773
-4.113068
2.108889
-2.483736
-1.400448
1.223131
0.774915
-3.814959
1.363385
0.316619
0.416092
-2.356966
-3.838949
1.281992
-0.374498
1.499060
-2.759467
1.355600
-3.643652
0.363859
-0.057409
0.446768
1.131261
-3.936433
-1.588704
0.184085
-2.398428
1.024688
0.097102
-1.223195
1.408601
-0.163599
1.397296
0.330972
1.296832
-1.002435
-2.184442
1.961890
1.500002
0.717371
-0.353710
-0.935145
1.535100
1.667954
-0.208114
-2.639989
0.852209
-2.437069
-1.218996
-0.218466
-0.141996
-1.078720
-1.594442
0.291791
-0.226485
-1.139675
-0.750110
-2.270761
0.261061
1.073921
-0.211144
0.792747
-0.075531
-1.173558
0.472359
-1.212106
-0.637596
-1.792462
-0.995564
0.091689
-1.184470
-1.646719
0.653132
-1.296843
-2.906510
0.656532
-1.740357
0.286958
-5.356250
-1.821671
0.207738
-1.660396
0.600623
0.410638
-0.276980
-0.809097
-4.280292
-4.067774
-1.832021
-0.618836
-1.893577
-0.991904
-0.159312
0.093421
-1.141806
-2.145226
0.599218
-1.271030
-0.402088
-1.364405
-0.616956
-2.402226
-0.470487
0.260169
-3.461614
0.786162
1.607054
-1.851619
-2.126014
-0.150319
-3.236544
0.790394
3.595878
-0.308579
0.597713
-0.141855
-1.437108
-0.081468
-1.592674
-1.122071
0.180066
-0.296963
-0.892767
0.998191
-0.568764
0.491077
0.006313
0.883615
-2.079726
1.133924
0.843049
-2.368016
2.308516
-2.188604
-0.153992
-2.624916
0.600679
-1.573127
-0.562961
-1.137172
-0.633856
1.050774
2.949121
-0.910817
-0.732341
0.492856
2.208478
0.760211
1.641313
-0.956154
-0.656308
-3.166915
-2.160240
0.790676
-0.371807
-0.488480
-0.777062
-1.096110
-0.169407
0.977493
-1.805190
-2.488372
-2.474245
0.596169
-0.759608
-0.407142
-0.124778
1.620643
-0.878826
0.161092
-0.125776
0.523620
1.997769
-2.582241
0.480274
-1.162829
0.460197
-1.212790
-1.865524
1.249585
-1.111377
-0.984923
1.629234
-3.660297
-1.069827
1.818156
1.763818
1.081872
-0.969407
-1.904972
-0.413484
2.619311
-1.344467
-2.292370
0.339165
-0.310111
0.652152
0.251824
0.591546
-0.591099
0.173480
0.746698
-2.850368
-0.194957
0.305349
-0.432076
0.189080
0.622422
-4.025802
-0.315980
-0.604773
-1.886393
0.235297
-0.494284
-0.200059
1.167946
-0.374782
-2.446022
-2.045970
0.455589
-0.291409
-2.500251
1.574290
-3.961598
1.632646
-0.915122
-1.515638
1.717080
2.007377
-1.030180
-1.697725
-2.525745
-1.892657
-1.364484
0.041546
-1.454583
1.481343
-2.108297
-0.701545
-2.175845
-1.306919
-1.580483
-3.383311
-0.057861
-0.312912
-0.512560
-2.361109
2.474572
-2.224330
0.691874
-2.655133
1.036469
-1.736500
0.461269
-1.061419
1.328577
-4.201048
-0.622226
-2.172103
-2.298068
-1.309460
-0.854418
-0.026969
-0.224439
-1.320757
-0.245482
-0.371941
1.418498
-2.409449
-1.195630
-4.438659
-3.630117
3.385107
2.222063
0.538979
-0.435726
0.736590
0.244307
-3.175109
0.065392
-0.632200
2.577137
2.239599
0.377347
-2.601178
-0.192535
3.244958
2.569634
1.077057
0.885462
0.746794
-2.384233
-2.350881
-2.843839
-0.716469
1.325488
1.090380
-0.067101
0.779285
-1.865921
1.071239
-0.423567
-1.398958
-3.958490
-1.901461
-3.309471
-0.858570
-1.258493
0.880209
-3.714041
-2.261830
0.544034
-1.578282
-1.655191
-0.659328
-1.805492
-0.738891
-0.600164
0.419186
1.236262
1.683226
-0.535814
-0.723461
-1.009379
-2.404338
0.294798
2.196157
-2.760036
-0.731755
0.915131
0.135147
0.437809
0.613480
-1.775558
-2.944706
1.582223
0.766920
-0.463527
-0.376102
0.318170
-1.136083
-1.565439
-0.503354
-1.403070
-1.677902
-1.134700
-3.278942
-0.019776
1.909453
2.166831
-0.134278
-1.159851
0.162396
0.115725
-2.263810
-1.314500
0.253033
-1.163096
0.766980
-1.860994
0.903169
-1.035466
2.940321
-1.351693
1.125572
0.537554
-0.136786
-1.447208
0.976628
0.761323
1.997794
0.698220
-0.041158
-1.005134
-2.674294
-0.563651
1.006587
-1.816243
-0.600123
-0.444706
-1.257926
-1.693559
-2.749523
-0.419388
0.989697
-1.962642
1.856182
-1.700274
0.507357
-0.743659
0.647251
0.206926
0.323995
-0.044968
-1.329317
-2.542870
0.120245
-0.582678
1.009304
0.972509
-2.249744
-0.477422
3.873391
-0.586839
0.013170
-2.328491
-2.140249
0.221309
0.280378
1.724444
0.352413
-3.702472
0.346224
0.264098
-0.960647
0.360313
0.704219
0.304113
-1.213780
-2.527902
0.318652
-3.403243
0.080350
0.416041
-0.406693
-0.360384
-2.048674
-1.569275
0.912489
2.305851
-0.366476
-2.400097
-0.659580
3.009935
0.545438
-3.558685
-0.652584
-0.292557
-2.112945
0.639550
0.301409
-1.627372
-2.460973
1.292765
-0.620439
-1.004311
0.377496
-1.475389
-0.724382
-1.058814
0.443995
-2.538970
-0.524904
-0.181085
-0.678053
0.475516
-0.344718
-0.232248
-0.948864
0.098065
-1.623347
0.554132
-0.188578
0.074051
-1.861002
-1.884631
3.240123
-0.444967
1.135985
-1.749095
-1.607869
-0.217447
-0.581416
-0.649232
-0.586211
-2.752201
-0.296179
-0.277125
-0.082260
0.056576
3.266691
-1.872364
0.690082
0.393518
-0.159138
-1.932621
0.072800
1.237334
-2.014540
0.625194
-2.793177
-2.418222
-2.507961
-0.340425
-0.362577
-0.715551
-0.349105
0.847999
0.251782
-1.511058
-0.315582
0.410839
-1.352191
-0.164922
-0.249851
-2.757392
-0.914210
-1.386337
0.236253
-2.609982
-1.911720
-0.300610
-1.103559
-2.237501
2.666546
2.355588
-1.414147
1.050854
-1.678838
-0.237710
-0.670576
-0.671898
-1.912198
-0.679739
-0.568855
0.926299
-0.325624
-0.223306
1.494860
-0.574592
-2.342366
-1.098460
0.768109
0.312852
-0.570623
-0.378075
1.503425
-0.568674
-0.161003
-1.057186
1.134765
0.135055
-0.524975
0.015130
-0.161288
-2.938737
-0.298342
-2.155153
-0.148571
-0.917543
-0.557232
0.807053
-2.529264
0.246096
-0.768835
-1.966247
-0.244021
1.836212
0.664711
1.470985
-2.089594
0.765458
-0.824319
-1.700781
0.345248
0.781370
0.048549
0.406455
-1.607437
-0.361718
-2.135369
-0.318142
-0.805365
-3.634041
0.052946
-0.128522
-1.075237
-0.463630
1.913875
0.578748
2.076971
-2.373507
-2.189502
-0.175133
1.007040
-1.049246
1.610992
0.326518
-4.341648
-0.845156
0.986324
1.154631
-3.304099
-1.846219
-0.971352
1.762038
-0.022176
-1.711953
0.658953
-0.115189
0.826024
-0.403767
0.656915
0.921664
0.180215
0.578156
0.468850
-0.603960
1.638776
0.069344
0.207956
1.581621
-1.624603
-1.114189
-3.683755
-1.072680
-0.818986
-1.649110
-4.506000
-1.147227
1.065978
-0.509995
-3.380411
-1.682803
-1.291778
-0.077518
1.093167
-1.069721
0.242898
0.995713
0.214884
-1.512227
0.858834
-1.254984
-2.180789
-0.465775
-1.218263
0.588018
-1.808614
1.891400
0.007986
1.139001
-1.073386
1.549503
-3.467965
0.302379
0.971287
-2.021423
1.120620
2.524590
1.077116
-1.186625
-1.590872
-1.632915
0.808264
-1.014114
-2.647647
0.458613
1.287344
1.255611
-1.667133
0.867571
-0.281566
-3.850647
0.779141
2.914024
-2.574846
-2.305602
-1.196097
0.366056
-0.049574
0.935108
0.195607
-1.004565
1.073356
1.168230
0.632557
-2.610650
-2.664687
0.618135
2.651305
-3.376351
-0.125793
-1.303708
1.617895
0.447122
-2.508464
-0.856363
-0.977738
-0.620898
0.434287
-2.675778
-2.880655
-3.307444
-0.454491
-2.012506
-2.120868
-1.366495
1.452488
0.481374
-2.272873
1.345580
0.287546
0.079567
-0.277188
0.384314
0.413137
2.316202
-2.961802
-3.104161
1.767263
-0.382373
-0.885550
-2.430813
-0.702620
0.205758
-2.405050
1.559464
-1.347396
-0.285956
-1.809182
0.741605
-1.169008
2.510211
-0.153214
0.107254
0.557729
0.831441
-1.455378
-0.916936
0.100970
-1.470297
-0.364020
-1.985589
-0.419071
-3.486717
-0.035872
-0.523313
1.670657
-1.312443
-0.124172
-0.852813
-1.618448
-0.417105
-1.000406
-0.605984
-1.868608
0.808920
0.294626
1.326570
-1.859711
-2.780465
-1.439199
-0.254891
-3.086629
-2.017169
-1.627803
-1.704773
-3.012903
-0.273495
-0.612896
0.503436
-2.526215
-3.299307
0.034636
-0.025918
0.367103
0.688532
-0.521112
-1.092984
-2.375104
-0.129167
1.815957
-0.126548
-1.339833
0.341417
-0.260511
-0.519900
-0.325111
-0.930985
2.573762
-2.495790
-1.529880
-1.719612
-0.715769
-0.377064
-2.843541
0.363225
-1.259681
-5.983822
0.451762
0.432630
-0.971065
-2.745425
-1.079689
-2.003799
-1.223430
1.450435
0.335657
1.806257
-1.257942
1.494915
-2.974878
-1.863238
-1.985643
0.298713
-0.313521
-1.159104
-1.573770
0.317015
-0.429637
-0.714369
-0.534457
-2.220223
2.045598
-2.698812
0.260233
-0.147683
-2.634008
0.813434
0.265238
-1.619537
-0.540618
-1.021107
-0.791559
-2.548985
-0.693768
-0.147954
-0.868885
2.078337
-1.018553
-0.065302
-0.052536
2.042016
-0.753264
0.162550
-0.470167
-0.443376
0.899301
-1.425748
1.090517
-1.136046
-1.798015
1.412599
1.196106
0.439323
-0.553937
1.159562
0.620214
-1.889114
-2.078590
0.956190
0.468612
-2.235279
0.879688
-3.304257
0.344377
1.630643
-2.215925
-0.364375
1.709498
-2.269490
-2.048968
-1.818592
0.811636
1.353338
1.224388
0.312732
-0.298770
-2.882187
-1.081946
-2.699483
0.025378
0.966425
0.425152
-0.244126
3.198401
-1.960966
-0.643841
-0.211575
-1.688154
1.094576
-2.311950
-1.131394
0.269376
-0.845505
-1.704950
-1.192666
-2.334260
-2.408676
1.166570
0.298082
-0.936107
-3.449607
-0.454805
1.683041
1.138149
-0.050168
1.858067
-0.780875
-1.070590
-1.940341
-2.148063
2.620886
-2.843556
-3.062936
-0.187617
0.501971
-2.048548
-1.588800
-3.742867
0.129990
1.088681
0.615242
0.497041
2.035736
-2.814337
-1.578801
-1.557077
-0.022268
-0.383325
-0.845027
0.014701
-3.141453
-2.356216
-1.228524
1.258154
-0.324212
-3.174486
-0.134622
1.983952
0.357996
-1.949661
-0.437584
0.420701
-3.109997
0.654019
-1.258092
1.825306
-3.231412
2.751226
1.920206
-1.995627
-0.986385
0.358436
-1.855725
-0.710064
0.092967
-0.090280
-1.123425
0.142959
0.794493
-0.605424
-3.409441
-0.119365
-1.731865
-0.456344
-2.422135
-0.794900
-0.341162
1.092306
-0.242491
-0.874505
0.754324
0.851275
-0.336223
-0.375476
-0.905410
-1.036391
0.394797
-0.308873
0.685292
-1.143974
-1.692004
0.425931
0.805207
-1.355760
-0.637944
-1.775438
-0.709563
-0.204504
0.173251
0.397725
0.083651
-2.700672
1.094536
-2.182409
-0.225963
-1.763173
-1.344460
-2.235094
-2.780621
1.734044
-1.328877
-0.860979
-0.890785
-2.012464
0.583796
-1.366722
-1.756564
-0.319378
-0.381739
-1.527531
-0.165049
-2.935709
1.008224
-0.955810
-0.389013
-1.150273
-0.088355
-0.041418
-0.246885
-3.897122
-0.546092
-1.620690
0.829496
1.479815
-4.384987
0.338696
-0.874983
-0.152121
0.646271
0.458515
0.013069
-1.533659
-1.081601
3.266854
-0.384605
1.089520
-0.659191
-1.581481
0.743692
-2.819623
-1.293644
-1.386027
-1.972690
0.605323
-1.738097
-5.039244
-1.170352
3.366019
2.376052
0.522697
-2.885592
-1.266456
-1.064844
1.096820
-1.879547
-2.715789
-0.516709
-1.602869
0.834948
-1.362664
-3.386163
0.841096
1.412880
-1.440549
-1.438268
-1.125114
2.542077
-1.432132
0.267809
0.729903
-0.805068
-2.399547
-0.859356
0.802833
0.117024
-1.586662
-2.659110
-1.899222
-1.031578
-0.298273
-1.399222
-1.129500
0.008840
-1.097387
0.126905
0.214235
0.296009
-0.909385
-1.935548
0.633906
-1.017324
0.374986
-1.438435
-0.477307
0.989641
-1.185474
-4.263055
-1.154124
2.824168
-0.611424
-1.921320
-3.660964
0.787739
-0.722448
-2.548741
-0.460013
0.319031
-0.952497
-2.436189
-2.895511
-1.239430
-1.834817
-0.842185
-1.208876
1.595014
-1.109395
-1.131498
-0.251393
-1.113407
-1.362796
-0.645287
-3.110786
0.660054
-1.303979
-2.053377
-0.014989
0.684784
-0.453982
-0.317703
-1.138150
0.520508
0.944000
-1.741740
1.902786
-0.791692
-1.440387
0.184298
0.175070
-1.680416
-1.173110
-0.496367
1.315803
-0.416245
1.113740
-2.343674
-3.225638
-2.662345
-0.477303
-2.248773
-1.946013
1.811624
0.026765
-0.233358
1.111679
-1.226096
0.666475
1.100013
-0.105029
-1.015756
0.055726
0.348816
-1.021791
-1.656803
-1.535985
0.449081
-0.565691
0.683879
0.593474
-1.808974
-2.253326
-2.577748
-2.231775
-2.249930
0.004638
-1.046095
0.091874
-1.159502
-1.470090
-0.968176
-0.247972
0.408452
-2.500482
-3.617081
-1.747487
-3.395855
-1.186040
-1.797582
-2.050278
-0.229574
0.276939
0.542304
-1.689366
-2.603936
-0.824431
-0.487432
-3.258800
-2.057945
0.029608
-1.303554
-1.031999
0.705170
0.008234
-1.337110
-1.520631
1.999272
-2.305175
0.683377
-2.631219
-1.768357
-0.634924
-2.404419
0.195916
0.928473
-0.678665
0.138536
0.820546
0.194637
-1.476659
0.528455
-1.917885
-1.099967
-2.667163
-0.999169
0.862137
-0.937510
-1.870777
-0.900354
-2.013103
1.002821
-1.257272
-0.681703
-0.649640
1.123323
-0.007044
0.359028
-2.899032
-1.583583
-0.795270
0.907973
2.643683
-0.338562
0.241312
-0.062267
0.980122
0.803034
0.343224
-0.251745
-2.591521
-1.047819
1.340874
-0.269943
-0.583816
-3.242085
-1.017276
-3.493778
-0.966867
-2.482339
1.986867
-0.747810
0.012074
-1.315829
-1.196990
-2.643342
-2.996661
-4.354735
-1.678903
-1.886794
-0.600963
-1.907723
1.767239
-2.238040
-0.782533
-0.990156
-3.108609
-2.948989
1.560679
0.318334
-2.882559
-0.075734
-1.602696
-3.159628
-0.406853
-2.164599
-1.309093
-1.687081
-0.161235
-2.104245
-0.758613
-3.059193
-2.959984
2.598228
-0.712689
-0.979094
-0.545884
-0.900157
0.636337
3.390550
-1.741000
0.184160
1.511998
-0.609912
0.317420
-1.641686
0.231195
1.942869
-0.787821
-3.452646
1.687689
-2.994784
-2.015885
1.302270
-1.882372
-1.044595
1.931563
-2.179679
-0.093818
-0.098665
1.349089
0.754693
-0.714631
-3.825781
-1.752331
1.933672
-0.639413
-1.049180
-0.258938
-1.138420
0.182161
-1.928546
0.038004
1.404457
1.416067
-2.836221
-1.356647
0.111275
1.499661
-0.170508
-1.094998
-0.728266
0.036357
-0.759316
0.189511
0.141326
-2.474542
-0.956623
-0.092449
-0.781166
1.658657
-0.492329
-0.955374
-1.071514
-1.411771
-2.228577
-0.676115
2.456933
-1.616141
-2.914079
2.150992
-0.391416
0.500692
1.546575
-0.596369
-0.439610
-2.345021
-0.240895
-3.515336
-0.507659
1.105343
-1.078546
-2.252337
1.196503
0.166295
-3.830938
0.708967
2.113644
-0.758408
-1.925698
-0.064503
0.039946
-2.003438
-1.442294
-3.170620
-1.289976
0.253811
-1.920830
-0.942575
1.114436
2.081834
0.191489
-1.946243
-3.830125
-1.056894
-1.808801
0.480618
-2.329332
-0.357607
0.302030
-1.085274
2.189452
-1.009341
-1.242189
-0.664042
-1.228900
-0.477192
0.640325
0.864242
1.112977
-0.899529
0.022959
-1.286373
-1.753348
-3.323954
-1.595669
-1.695458
-2.901767
-0.886606
-3.208785
0.203883
0.788254
0.358349
-0.990828
0.560108
-0.483271
0.903906
-0.864789
-1.263468
-1.976369
-1.420123
-0.045794
0.939559
-2.108717
-1.693212
1.993865
-3.466728
0.287097
-0.798620
-0.499100
-1.105106
-1.849455
-0.069769
0.559379
-1.342567
-0.126896
-1.857799
0.250267
-2.704039
-0.769317
-1.544632
-0.734534
-0.439118
0.708761
-0.519432
-3.201560
2.200795
-0.460510
-1.075259
-0.993330
1.544459
1.195692
-0.176712
-0.463318
-2.102705
0.719398
2.252505
-0.616637
1.195150
-0.230825
-0.762156
-2.767960
0.106256
2.231665
-0.749325
-0.101493
0.570032
2.729084
1.115475
-1.499008
-1.119901
-0.625049
-2.884282
-1.035083
0.640520
-0.778661
-1.259136
-1.968562
-0.577896
-2.844030
-0.710056
-0.589877
-3.838655
0.666876
0.970035
1.295793
-1.272683
1.845252
-0.159428
1.185709
0.418071
0.118287
0.968052
0.747910
-2.601197
0.458376
-2.425109
-1.278547
0.628993
0.726700
-3.626655
0.270362
-1.394518
-2.416387
-2.005275
-1.032899
-0.038076
2.469141
-2.289526
1.726337
0.446411
2.647142
-1.223368
2.028429
-1.182521
-1.990807
-0.708032
-0.883243
-2.186851
-2.213607
-1.486759
-0.877828
1.254861
-1.581199
-0.051970
-0.324469
-0.767944
-2.189651
-2.144271
-0.587687
-0.839594
0.287857
1.040349
0.520253
-3.758460
-0.471736
-0.190837
1.237872
0.193512
-1.964757
-0.888043
-2.212410
-2.373642
0.537338
-0.368742
0.261397
1.075071
1.608373
-1.732747
-0.167494
-0.914603
1.176389
-3.837262
0.300710
0.686932
0.028536
-2.788819
-3.986983
-0.156794
1.192400
-0.242752
-1.776017
-4.248802
0.096657
0.869599
1.759367
0.143832
1.228788
-1.745870
1.568431
2.972384
-1.282447
-0.205105
-2.623949
0.621347
-2.106317
-0.001945
1.017977
-3.040572
-0.322848
0.018420
0.297808
-3.529398
0.461810
3.291729
0.505445
1.962208
-0.776288
-2.620260
-3.000105
-2.730061
-4.525393
0.713423
0.696920
0.818123
-0.910911
0.696853
0.779361
1.297661
-0.826885
2.657101
0.969160
-3.138200
-3.157197
-3.678732
1.719263
0.363854
1.846918
0.719477
-1.939183
0.687860
1.503952
-1.436161
-2.283725
-2.357784
-1.965395
-0.043384
-1.934345
0.763117
-0.275063
-0.110076
1.257509
5.444146
0.710745
2.432144
-2.616191
-1.733497
3.082167
-1.355649
-3.784278
0.740131
-3.010584
0.678782
1.289757
-2.010205
-0.147577
0.133083
-1.746610
-2.731360
-1.201812
-2.313440
-0.826024
0.278827
-1.505854
-2.140515
-0.300213
1.327229
-1.958391
-0.069075
1.081932
-1.889355
0.286565
-0.197162
-1.555122
-0.048415
-0.288756
0.073789
0.260060
-0.153706
-1.869079
0.371268
1.203210
-0.913961
1.275050
0.768118
1.896139
-1.080070
1.948726
-0.070725
-1.251129
-0.903140
-2.136419
-2.077589
0.396540
0.663189
2.394650
-4.357228
-2.368997
-0.379310
0.030649
-2.640378
-0.893523
-0.180805
0.050939
1.482464
-2.413720
0.505956
-0.585518
1.256695
0.341342
-2.080203
0.444254
0.227914
0.726079
-2.076286
-0.686359
1.652294
0.794181
-0.246865
2.115416
0.000355
2.253264
-1.473050
0.150226
-0.951051
0.666864
-3.345446
0.317548
1.118129
-0.885801
-2.961249
-1.998468
0.573271
0.556380
1.162469
1.565043
1.074368
-0.359514
-0.833650
2.248859
-0.773709
1.592409
0.974434
1.853502
-0.890805
-0.751070
0.514146
1.429879
0.174269
-2.532216
-1.218623
-0.332999
-2.777036
0.036623
-2.797182
0.174770
-1.593249
1.825374
1.808513
0.816581
1.517566
-0.613359
-1.611227
-1.451356
-0.891864
-1.188343
-1.817114
-1.014068
-1.059661
-1.533041
-2.231674
-0.264129
-0.925198
-1.298754
-0.991336
-1.737781
-1.940546
-1.665974
2.682627
-2.850650
0.798929
-1.988229
0.442615
-0.587171
-2.294930
-0.920305
0.863462
-1.591292
-0.163234
-1.181094
-0.230739
-1.295415
-0.919652
-0.299582
-0.721339
-1.013208
-1.459146
0.189713
-1.395185
-2.361662
-0.147871
3.390593
1.657997
1.727389
2.120208
1.911604
1.466588
-0.051850
-1.636725
-0.585994
-1.129401
-0.870691
-0.693720
0.552201
-0.830843
1.244853
0.277223
0.019899
-0.557159
-2.563756
-2.024396
1.837232
-0.212511
-3.736230
-3.775254
-0.855137
-1.444512
-1.682980
-0.907594
0.206789
0.298554
-0.904436
0.039859
-0.590250
-1.101667
-0.031088
-2.118604
-1.606128
-0.625255
-3.899895
1.321853
0.708831
-2.191680
-0.411620
-0.496157
-3.688443
-1.586624
-2.399068
-1.013609
-0.377840
-0.831479
-0.572856
-0.113897
-0.873800
1.864132
-2.383833
-3.151987
-0.969454
-2.227326
-0.256749
0.878163
0.172931
-1.141838
-0.760159
-2.341191
-0.912060
-2.217881
-2.712556
-1.702634
-0.184155
0.102580
-0.974542
-0.623032
1.021405
0.505633
1.822558
-0.965047
-1.473579
2.254471
-2.708591
-2.398883
-2.288111
-0.826663
-0.941875
-1.774746
0.792393
-3.200610
-1.795202
-0.788427
-1.077334
-2.142781
-1.837965
-0.292466
2.175347
-2.043467
0.636518
-2.148386
0.948762
1.573517
-2.078326
-3.515333
-2.123950
-2.044889
-0.415933
-0.200187
0.793263
-1.505019
-2.500796
2.222404
-1.272673
-0.290182
-1.798214
1.888653
-2.678971
-1.200397
1.501413
-1.219709
0.099856
0.112474
-2.348468
0.839309
1.434721
-0.377672
-0.642791
-1.587140
1.721238
2.470994
-4.003568
-1.896383
0.896665
-1.877445
-0.724455
-1.345950
1.056185
-1.838398
-0.951533
0.105362
-2.737659
-0.345252
-1.107904
-2.514897
-1.336287
-1.207768
-2.795803
-0.047760
-1.374990
-2.388794
-0.827645
0.522355
1.335644
-1.010275
-1.339774
-0.181505
1.907382
3.029858
0.139589
1.503850
-0.525890
-1.604293
-1.232366
-3.972538
-0.101458
0.917573
0.786343
-2.771419
-0.558876
0.248381
-4.122487
-2.943781
1.278810
0.413632
-4.483267
-0.296895
-2.917356
-1.443061
-1.163979
-1.804489
-0.837692
-2.261244
-3.215832
-2.245096
2.059707
-3.418474
-0.295765
2.277599
-0.577120
-0.100500
2.858186
-3.324816
-0.898593
1.296026
-0.338814
-0.018432
-2.737903
-1.938366
0.119345
-0.323384
-1.431664
-2.787964
-0.320073
1.292799
0.295581
-0.917285
-2.462125
0.292364
-0.113863
-0.324899
-0.124812
3.233710
1.460944
-0.404710
-1.482195
-1.653559
-4.210034
-1.617454
0.241033
0.092125
-0.121611
-0.902382
0.191267
-2.100286
0.123901
-1.285293
-0.498635
1.573497
-0.286278
0.659373
2.291268
0.750149
-0.854545
-0.600967
0.756056
-0.965312
-0.632043
-1.370653
1.513950
1.297293
-2.286564
-1.233058
2.410411
0.579155
-0.773132
-3.034973
1.066922
0.503103
-0.436371
1.022639
-0.792208
-1.442396
-1.581698
-0.348188
1.184428
1.904479
-1.779621
-1.819915
-0.995727
-3.451494
-0.989286
-0.657390
-1.426903
0.800064
-0.060871
-1.161042
-0.007609
-1.002597
0.027561
-2.042869
0.141064
1.106735
-2.348127
1.090745
1.387735
-2.765736
0.423293
0.331466
-1.649253
-0.243939
-0.555875
1.506852
-1.687602
1.055917
-1.583148
-0.576478
0.730710
-1.776008
-1.472649
0.206214
-1.743377
1.426104
-1.247507
1.317022
0.237540
-0.837196
3.509119
-1.561675
-1.056574
-0.848349
-3.566303
-1.637824
0.004318
1.516102
1.584292
2.570487
0.410062
0.266372
1.102598
0.459522
-0.625045
-0.316791
1.554056
-0.383360
-1.316851
1.239894
0.872483
1.309844
-0.450880
-4.335304
-0.683098
-3.346261
-2.805720
0.142869
-0.482713
-1.649037
0.373936
0.216297
-0.940210
-2.615089
0.722670
-3.037839
-2.650950
-2.173192
1.210595
0.871851
-0.845045
-2.835556
-1.939785
-0.691924
-0.802640
-3.160464
-0.083848
-2.428972
-1.955537
0.021019
-0.362766
0.670904
-1.142516
-0.050910
-0.731950
-0.664591
-0.284235
-2.203743
0.534948
-0.792135
1.004201
-1.773402
0.687392
2.027718
-0.437439
0.302124
-2.128187
-1.148250
0.380195
-1.042112
-1.892776
-0.905984
-0.768747
2.198551
1.311654
1.021290
0.377395
-2.703789
-2.167777
-1.007088
-1.379734
0.857044
0.442336
-2.746829
-0.372144
-0.167485
-0.336318
-1.143387
0.074521
1.517244
0.376681
-1.653994
-0.773686
-0.683981
0.333634
2.405214
2.149345
-3.127468
-0.874865
-0.366626
-3.876190
-1.834104
2.941567
-0.304561
0.600629
0.298005
0.672383
0.506347
1.105383
0.303534
-2.770451
-1.450770
-0.692231
-0.963795
1.132549
-2.535021
-1.325300
-1.852548
-2.114672
-1.760890
-0.550648
0.330428
-2.897351
-0.173624
-0.144057
0.364556
-1.008922
1.009738
-3.087771
-3.225570
-0.488010
-0.996002
-0.615242
1.986983
-0.864824
-0.062319
-0.511241
-1.450757
3.357422
-2.565994
-0.088266
0.808716
1.496882
-2.013751
-2.169227
0.225445
0.470037
0.137675
-1.133045
0.905828
-0.182412
0.811950
1.053131
-1.954188
-2.069037
0.152391
-2.542467
1.311336
-0.175994
-1.346232
-0.441893
-2.052469
1.159871
-3.528316
-0.840489
-1.717849
-1.693757
0.241401
-2.158213
0.269736
1.873456
-0.946415
-1.991382
-0.789724
-0.473029
-4.168933
0.081145
-1.303759
0.285789
-1.122441
1.181152
-2.798204
-0.881068
-1.634065
0.526671
-1.316871
-1.267465
-2.182220
-1.809780
1.131284
-0.834674
0.267735
2.392661
-1.255505
-0.511597
0.939995
-1.184381
-1.796703
1.353589
0.643693
-0.906974
-0.502500
0.862578
-1.487433
-0.015916
0.276114
0.203842
0.671855
-1.619337
-0.945979
1.972083
-0.099073
0.140811
-0.143616
-1.022349
-0.783846
0.358840
-1.349275
-2.888164
-2.784590
1.540651
-2.046119
-3.607059
-2.504923
-1.096578
1.127330
-1.586977
0.188274
1.097177
0.257000
-0.254400
-1.866696
-2.241850
0.466746
-0.167849
-0.206416
-2.304469
0.396766
2.170039
2.349460
-2.009126
1.174833
-2.158870
-1.787450
-2.588343
-0.234121
0.353900
1.151431
-0.799642
-0.743861
0.081031
0.773448
0.798477
1.577203
0.719530
-0.890681
-0.187367
-0.273228
-1.437756
-0.049755
-1.363461
-1.859825
-1.238021
-1.410338
0.551412
0.976933
-2.243690
-0.231629
-0.856505
0.610661
-0.118315
0.517976
0.154927
-1.371221
-3.870706
-2.522687
-2.181420
-1.756866
1.950554
0.169838
1.458203
-2.065441
-0.076730
-0.814829
-0.535327
2.410521
-2.066634
-2.324265
1.176176
1.381403
-1.737337
0.859558
0.692828
-3.315076
-0.993303
-0.029779
-0.847539
-1.271058
0.384040
-4.089112
-1.773715
-1.305239
0.027111
-2.146702
-0.046131
0.420381
0.262603
1.562852
-1.216547
-2.002684
0.521443
0.089050
-3.092436
1.354519
-1.068992
-1.120611
-2.886008
-2.375242
1.253533
-2.320823
0.196873
-0.968511
-0.916012
2.604285
-2.137673
2.913566
-0.768235
0.586355
-0.581270
-0.741538
0.409043
-0.056822
-3.328709
-2.026128
0.114711
0.865150
1.437389
-1.561152
-0.448830
-2.625439
-1.351679
0.582864
-0.639081
-1.785023
-1.462402
-2.296962
0.793984
1.213838
-1.235519
-0.020208
-1.141307
-1.020868
-2.177085
0.042649
-1.450924
2.240458
-0.485556
-0.521468
-0.457340
-2.062650
-1.529359
-1.951121
-0.732845
-0.136518
-1.300258
-2.000666
-0.690565
0.841937
-1.676942
-2.196692
0.028701
-2.546552
-1.678584
0.816441
0.807891
1.443977
-2.036053
1.360266
0.947520
-1.312339
-1.570874
-0.013235
-1.284930
-4.434681
-0.118944
-1.588660
-0.011843
2.784243
-0.818691
-3.842783
1.314325
-1.490115
-0.071720
-1.519730
-3.619517
-0.329301
-0.069590
-0.705346
-1.130402
-0.969385
2.319035
-1.291769
-1.558613
-2.487712
-0.097044
-0.214397
0.533382
1.603400
2.105936
0.623678
-2.635351
-3.094279
0.425387
1.967756
-0.685656
0.855061
-0.472557
0.711916
-0.685099
-0.601628
0.808635
-2.290670
1.693956
-0.428574
-0.517608
0.776486
-1.537037
-3.599602
-0.808745
-0.302769
-0.793609
-0.942179
-0.361829
0.004203
2.691409
-1.633042
-1.400912
-0.327287
1.287774
-0.977233
-0.242007
-3.045949
0.113759
-0.057792
-0.112085
-0.705998
-2.124650
-5.053260
0.426264
0.049517
-1.201872
-1.247646
-1.041233
-0.554034
-0.184641
-1.609668
-0.266807
-0.181885
0.388484
-0.988819
0.093052
-0.091616
0.525211
0.694338
-0.190127
-0.026085
1.059111
-0.307882
-2.201182
-1.054207
-2.607921
0.436765
-1.349985
-1.176294
0.489953
-1.064179
-0.461260
-2.780443
0.141661
1.714100
-0.933544
-0.427395
-1.013829
-0.216895
2.522924
1.825943
-0.287343
-0.956142
-0.735059
-2.749001
-0.421882
0.078613
-1.500789
-0.423853
-3.912646
1.265331
0.367564
0.574009
-2.855208
-0.319997
1.153169
1.561478
-1.065192
1.500600
-1.793336
0.796359
1.633960
-1.706908
0.091738
-1.509603
0.482050
-1.190316
-0.061859
-2.329355
-2.684624
-0.111733
-0.953146
-2.057710
0.622365
2.900422
-0.568188
0.644010
-1.400283
1.350546
-0.006953
-3.335620
-0.398544
-1.387831
1.563443
-0.682135
-4.341523
-0.834846
-1.828292
-0.472740
2.188678
-1.915581
-0.177835
-0.529744
-1.180096
0.144183
-0.969948
2.034055
-0.767321
-2.146076
-0.871127
-2.405442
-2.469157
0.269545
-0.018913
-0.469155
-0.882738
3.121178
-1.139584
0.512921
-2.458921
-0.932579
-1.616573
-1.282979
1.650085
0.266744
-0.351688
-1.260284
1.224074
-1.518366
-3.202852
-1.023636
-1.702611
-0.175238
-2.355034
-0.747060
0.197484
0.643948
0.408016
0.860303
0.579547
0.557534
1.682464
-0.598406
-4.149040
0.344662
0.209814
1.342159
0.829584
0.048588
-2.667847
0.452535
0.590280
-1.834607
2.171371
0.102576
-1.235659
-2.496703
-2.228835
-1.468238
0.572081
-0.526809
-1.044338
1.522654
0.985158
1.384333
-0.405683
-2.602223
-0.572792
-0.789456
-0.445995
3.073347
-0.805176
-0.474210
-1.214645
1.395198
-2.075756
1.873672
-2.016871
-3.500789
-0.305874
-0.185467
0.614277
1.076709
1.979471
-0.485880
-0.751497
2.033368
-1.602486
0.919868
-1.712789
1.094099
-0.826926
-4.210788
-1.065967
0.757258
-1.051761
0.489420
0.689481
-0.259142
1.740617
-0.446931
2.082526
-0.298447
-0.417291
-4.185743
0.125896
1.436432
-1.096460
-1.556298
-0.386816
2.020470
-0.738378
-2.702886
0.007267
-1.116516
1.042890
-1.670827
-1.714365
-1.589319
0.153507
2.545398
-1.746063
-0.280152
-2.328505
0.122976
1.684495
-0.735726
1.319866
-0.434854
0.058090
-1.871155
-0.892144
1.113691
0.601994
0.558929
0.733221
-1.340292
1.464992
0.051395
-0.495449
-2.613244
1.258579
0.411638
-0.595118
-1.646891
-0.278369
-0.870600
0.220960
0.210586
-1.802795
-0.495687
-2.664325
1.585314
-2.005956
1.682917
-0.747423
-0.402451
-0.569547
-1.002992
-1.176411
0.857827
-2.531874
-0.789564
0.639388
1.180467
-0.255335
1.491913
-0.844697
1.057465
1.173519
2.016874
0.020831
3.195055
-2.756341
-2.311516
-1.431966
-1.474311
0.800298
1.703475
2.768762
-3.675513
1.527091
1.635472
-2.843546
-1.366552
-1.306636
-0.240978
0.495270
-0.870214
-2.525768
-1.843430
-0.410871
-2.623796
-0.081873
0.128291
-0.146966
-0.937911
-0.061628
-2.888470
-1.265348
-1.199843
-1.988776
-1.589439
-0.822491
-1.252003
0.380643
0.347775
-0.386417
-0.590922
3.670728
-3.724320
1.996152
-1.545747
-1.238389
0.071815
-0.641421
0.476821
0.824806
-0.305322
-0.908482
-2.833797
-0.924058
3.730770
-2.086237
-0.663322
-0.196395
1.092887
-2.190125
0.584730
-0.113774
0.403025
-1.031639
-1.326676
0.831265
-0.975193
-0.168957
0.955947
-5.516748
1.549121
-0.853182
-1.015029
-2.155164
0.528711
-1.538479
0.787727
-3.634859
-1.642120
-2.497082
-1.005548
-1.743556
-0.927467
-0.052758
-0.409905
-0.934501
-0.292341
-3.051584
-2.480578
-1.712502
1.072677
-0.655789
-2.832021
0.883866
0.663687
1.027812
0.473709
-1.686370
0.568220
-0.601057
0.044945
-2.410097
-0.156632
1.110687
-0.219980
0.649507
-0.115990
-0.142151
-4.361511
1.017026
-0.162809
1.114000
1.398931
1.256883
-3.155631
-2.375053
0.101357
2.351810
0.613875
0.549346
1.302191
-1.279663
0.332626
-0.642017
-1.934367
3.624285
2.298356
-3.360047
0.364468
-0.372271
2.236049
0.128045
-2.611714
2.251169
1.766644
-0.649585
-1.347878
1.559002
-1.681340
-1.313823
-0.372687
-1.942147
-4.309211
0.041431
0.317267
0.061683
-0.393293
-2.524749
-0.579144
-0.322721
-2.665600
-0.906166
1.191354
0.244918
-0.803318
-0.657387
2.134592
-0.685138
1.300703
-2.150260
0.274076
-1.220238
-2.528841
-3.324425
0.474125
0.759992
-0.157017
-3.184008
-1.552473
-0.181973
-0.879577
-1.750985
2.001058
0.075408
1.551382
-1.475441
-0.729381
-0.210094
0.002329
-2.052108
-0.749611
0.484506
-1.184491
-0.328532
-0.072904
0.540478
-0.012616
-2.293838
0.614696
0.420160
0.158238
-2.521894
0.168315
-1.297768
1.874061
2.169603
0.106362
0.428307
-1.905693
-1.713149
-0.285999
-3.485374
1.120723
-0.199775
-0.129129
-0.877932
-0.306516
-3.834235
-1.152056
2.305988
-0.264610
0.213445
-1.529503
0.194903
-1.091495
-3.147091
-0.264229
-0.641922
2.670217
0.992279
0.061282
0.486303
0.970650
-1.193142
2.911899
0.601600
-1.738020
-2.000140
-0.516709
-0.928654
-0.992927
-1.662994
0.021595
-0.403241
0.005818
-0.470268
-0.213408
-0.386234
-1.088394
0.573387
2.203364
-2.839030
-2.807603
0.307295
-0.824280
0.200013
-2.347177
1.579733
0.956663
0.377458
0.949855
1.559626
0.351210
-1.723175
0.043160
-0.720159
-0.096265
2.231274
-2.300432
-0.393407
-1.340312
-1.054283
0.062128
-3.362569
0.348612
0.663382
-1.661461
-0.956030
1.182935
-0.924290
-0.235443
-2.680376
0.023842
-2.046812
-0.022780
1.198345
-0.051045
0.543002
-1.766126
-1.336306
-0.954895
1.265432
0.407673
-2.916748
-0.035463
1.945652
0.428355
-0.628385
1.543867
0.303097
0.135439
-2.121595
-1.938347
-0.374956
-2.079434
-0.528387
-0.496089
-3.699914
-1.503317
1.105355
-1.754811
-2.777290
-0.040492
0.872477
-1.871336
-1.133158
-0.753942
-3.575719
-2.823557
-1.545362
1.909266
-1.205039
-0.697943
0.218785
-0.715845
1.994164
-2.446090
-2.273048
0.405125
0.024979
0.325208
-0.101205
-0.657809
-2.828470
-1.024404
-1.520251
2.009859
-3.202718
0.687110
-0.338955
0.320239
0.019715
0.218907
0.868444
-2.786983
-1.561331
-0.768889
-0.834272
-0.212244
-2.840062
-0.442682
0.310825
0.546986
-0.140033
1.073868
0.628180
-1.976064
-0.805551
-1.350689
1.586192
1.013609
0.427874
-0.413091
-1.478684
-1.316465
-2.929417
1.479028
0.264214
-0.486962
0.479431
-0.497873
1.480062
-2.600683
-0.207650
1.191349
-0.796787
1.557967
-2.733662
0.256642
-0.851265
0.074627
0.022880
-0.648028
-1.665576
-0.338236
-1.426468
-3.687302
-1.815840
1.312804
1.696557
0.321488
-0.844898
-1.076135
2.552038
-2.879464
0.426628
-1.365734
-3.666640
0.249697
-2.331917
0.385500
2.020566
1.759223
-0.851992
-1.061435
-0.083985
-0.166462
1.421487
0.452890
-0.391829
-0.996040
-0.723520
-1.485240
0.567598
-0.555178
-1.036397
1.640601
-1.836749
-1.753953
-0.312074
1.222224
1.492005
-2.140341
0.364621
-3.694044
-0.158837
-1.421105
-0.428549
-0.011872
-0.833736
-2.859871
-0.305103
-0.475107
-0.225223
2.391047
-0.284184
0.055544
-0.364596
0.218528
0.262481
-2.514811
-2.548871
-0.673088
-1.740293
-1.184305
-2.694436
1.964824
0.019683
-2.013698
-1.760319
-0.837963
-0.590846
1.012169
-2.456791
-2.810817
0.769066
3.426863
1.681428
0.263896
1.259704
-0.212114
-3.625664
-0.345682
-0.696761
-0.238803
-1.047961
-1.420137
1.592340
-4.735670
0.645184
1.084391
-1.236387
0.483446
-1.912025
-1.557148
0.096095
-1.231334
-0.699606
1.990313
-0.268274
0.554966
-0.164080
0.529438
0.726395
0.388502
1.071936
-0.604469
-1.155791
1.794789
1.334136
-1.697383
-1.732342
2.528702
-0.103742
-3.089884
-0.521535
-0.069899
0.965733
-3.106605
1.073913
-0.981938
-1.382275
-0.903614
-0.976785
1.050367
-0.693437
-2.995883
2.551829
-2.706522
-3.080700
2.728251
1.175982
-0.199584
-0.348987
-1.613594
-1.234209
-1.230868
-1.227187
0.686401
1.892946
-1.876837
0.565325
-0.758275
-1.675091
-1.230739
-0.521684
-0.482080
-0.080904
-1.331417
-1.012186
-0.772203
-0.616325
0.250857
0.098317
1.279576
-0.728740
0.181439
-3.415285
-1.599886
1.290983
-0.679267
-1.656608
1.213722
0.329937
-4.586640
-0.076392
-2.885388
0.951436
-1.017759
0.837047
-0.859477
-2.107236
-1.435451
-1.897066
0.538490
-0.640887
-1.738272
-1.374357
1.920739
-1.555554
0.388252
-0.326562
0.130763
0.659135
-0.452372
-0.535100
-0.809880
0.486509
1.109794
1.144816
0.590491
0.152712
-0.753901
-1.676120
-1.505782
2.601948
1.342305
-0.793712
-0.576872
0.351595
-0.925368
0.124542
0.834633
0.657681
-2.143327
0.299275
0.618779
1.238854
-1.713336
-0.853117
-1.272929
0.947715
-1.780840
-2.641145
-3.663170
0.083301
0.648470
-0.329742
1.242963
-1.377238
-1.702506
-2.122201
-1.558064
2.193984
-0.207514
4.459356
3.449055
0.167167
-1.059691
-0.563515
-0.537640
-1.248636
2.824982
0.323772
0.755094
-1.392386
-0.371685
-1.429653
-0.804460
0.932017
0.133953
1.555609
-1.527802
-1.975439
1.551963
1.948685
-0.558217
-0.961966
-0.477950
-0.781932
0.120342
1.511955
-0.619852
-0.433071
-1.415449
-0.418083
1.483619
0.259831
-2.288006
-2.379145
-0.148388
-2.576903
-2.503439
-1.468013
0.151718
-0.943221
0.858394
2.430573
-1.191043
-2.695837
1.279525
-0.369126
-1.047710
-0.611646
-1.840596
1.724449
-1.381355
-1.060669
0.091412
-0.575051
-1.829751
-0.892849
0.893317
0.964325
-1.149857
0.582139
-1.858298
-1.341478
-1.166685
-1.103112
-2.864824
-0.256931
-1.633920
-1.550287
-2.392588
-0.125210
-0.470415
-0.144881
-2.153322
-1.304274
-2.277171
-0.887522
2.104962
-0.851615
-0.369320
0.396497
-1.029435
-1.533785
-1.538051
-3.134356
0.994261
-1.219470
-2.173031
-0.025013
-1.769700
1.451586
0.416276
-1.642650
-3.123270
-1.936743
-1.346478
-1.317807
1.887982
0.660501
-0.061489
0.118349
-0.842385
-0.013354
-0.163261
-0.576531
1.418680
1.417536
-2.260983
-0.391292
-0.698555
-2.997010
0.322591
-0.097921
1.614420
-2.752658
-0.392007
-1.381490
-0.346541
-1.632329
-1.216775
0.163505
-2.204936
-2.030678
-0.639994
-0.727428
1.244445
-0.144243
0.739978
1.694178
-1.523831
-1.819640
2.429982
1.607913
-1.213480
-0.814997
-1.380074
-0.244284
0.523658
-0.972986
2.483985
0.347223
-2.931351
-3.224681
1.103253
-0.728753
-2.443213
1.814890
0.198465
-0.756489
-1.544002
-1.470129
1.304716
-0.468071
-1.873702
-0.667014
0.213352
-0.592641
2.613125
1.769601
-1.148364
0.568604
-0.949027
0.598299
-1.528755
3.172644
-0.665633
0.813703
0.478665
-1.953285
0.080997
0.958903
1.822948
-0.966526
0.530137
-2.612256
0.189496
-0.192557
-0.837273
0.518702
0.755970
-0.835073
0.149384
0.732087
-1.555418
0.359710
2.008008
-0.880764
-0.324992
-1.983927
-1.356419
-1.501289
0.055364
-2.318984
2.844227
-2.493398
0.457373
-0.543844
-2.529719
1.142725
1.103972
-1.930317
0.153638
0.418157
-0.193704
-2.294202
1.049304
-0.707395
-0.004134
0.132792
-2.175797
-1.058937
2.563462
-0.445217
1.312848
1.630852
0.388229
-1.038429
-2.047678
0.153530
-0.865335
-1.038766
0.658309
0.620212
2.979947
-1.142029
-2.132601
1.135102
-0.417171
1.677698
1.710876
-3.308049
-0.107989
-0.796924
-1.327209
0.506684
-0.023333
-0.397463
-0.377463
-1.775839
-0.098434
-0.661810
0.769619
-0.873785
1.103213
1.940799
-2.516320
1.128861
-1.130962
0.161521
-1.919383
-2.911236
-1.330613
0.408208
0.705594
-2.167878
-0.171404
-0.671125
-1.444240
0.174045
0.428566
-0.375087
0.218343
-0.350317
-0.327598
-2.424764
-0.299799
0.539005
1.662714
0.097043
-0.950514
2.755015
-2.776073
-1.636462
-1.390280
-0.196549
0.788787
-1.574218
-0.216607
-0.653538
-1.832006
-2.870650
0.683694
0.588206
-1.947546
0.223479
0.005780
0.463663
1.244965
-2.952747
-2.780706
-0.090044
0.287002
-0.623538
0.472184
-0.414522
-1.749941
0.407165
-0.088391
-1.016068
-2.037397
-0.944537
-2.525284
-1.007745
-2.914265
0.092290
-1.356726
-0.135762
-2.479594
0.078964
-2.166701
1.779029
-1.838008
0.516793
-1.173565
0.277060
-1.144827
0.342670
-0.584623
-1.341081
-0.267590
-0.740070
-2.068446
1.998040
-1.426530
0.539731
-2.788935
-2.096684
0.794502
3.319505
-1.374652
-0.625945
-2.296668
1.371021
-4.022932
-1.729019
0.032591
-0.966821
-0.667610
-0.666898
-0.826887
1.023744
0.011481
1.723669
-0.606375
-1.213738
-2.789921
-0.824477
-0.901322
-0.668336
0.823463
-2.143144
1.040107
1.987563
-2.281936
-0.465712
1.005570
-1.029526
-0.782894
-1.392512
1.814981
-1.750057
1.833874
0.434743
0.408939
3.897871
-0.921443
-0.757770
-2.714152
-1.825161
-0.559053
0.213072
0.244412
1.357777
-2.992243
1.664132
-3.486050
-1.612806
1.075782
1.487697
-0.085400
-1.378833
0.650716
1.029423
0.831207
0.244075
0.547852
-2.514945
-0.581626
-1.368896
0.684804
1.198810
-1.079623
0.905849
-0.504288
0.074291
-0.930594
1.135114
-0.155894
-1.599890
-2.046398
-2.832634
-3.456476
1.125872
0.090316
3.334872
-0.349281
0.819127
-0.607213
-0.451036
-1.017535
-0.881033
-0.908620
-0.333238
1.197236
0.765364
1.297790
1.644301
0.353705
1.435856
1.818390
-0.494241
2.637311
-3.355782
-1.162408
-0.808981
-0.217958
-0.538936
-1.761747
0.717778
0.473949
2.045950
0.246207
1.348773
-0.607803
-0.429262
0.369459
0.488630
1.508475
-1.103869
-1.374699
-2.225327
-2.160139
-0.183264
1.252666
-1.832063
2.645085
-0.370483
-0.948036
0.659362
1.759058
-0.521963
1.812496
-3.022056
-1.649986
0.102166
0.339065
-1.074418
-2.857023
0.219651
0.045258
0.047594
0.669463
-0.031721
0.294891
1.037416
-1.120220
-1.114881
-0.527884
-2.077755
0.935683
1.601347
-2.782868
-1.017210
-0.183071
-0.930851
-0.757102
-0.232286
-0.434683
-0.272784
-2.768089
0.729870
-0.077726
-0.533602
-0.109373
-0.612502
1.865827
-2.573090
-0.081044
1.452559
-0.411254
0.648894
-2.650517
-2.932247
1.293027
2.404456
-1.129933
-0.654238
-1.418106
-0.425734
-1.349434
-1.114265
0.422139
-0.627570
-1.479383
-0.509666
-1.315405
-1.068066
-1.113317
-1.187232
-1.339075
-0.020211
0.027678
-1.391100
1.030188
-1.162807
0.693732
1.612465
1.757564
-0.118912
-2.506840
2.511393
1.557506
-1.118506
1.747297
-1.145818
-0.322396
-0.546903
0.720138
-1.015724
1.349350
0.823986
-0.800291
2.938359
0.379693
-1.782831
0.048933
-0.323476
-0.189630
-1.808234
-2.706248
0.138601
-3.282270
0.004631
-0.489640
1.710560
0.469652
-0.948892
0.763211
1.862351
-1.894205
1.365474
-3.139946
-0.019954
-1.511344
-2.046111
1.133674
-1.356926
-1.904930
-0.296147
1.366979
2.907649
-1.232840
-1.410152
-1.086791
-1.162383
-0.850702
-2.123854
1.618706
-2.395267
-1.280087
-0.134682
2.420574
-0.844624
-0.710345
-2.997545
1.295921
-1.380081
0.206574
-3.247994
-2.650073
-1.408698
-1.477976
-1.757325
-0.748041
-1.763960
-1.057010
-0.060281
-1.268595
-2.865805
-1.111707
-0.720979
-0.070554
-2.282716
1.079080
1.994177
-1.247256
-2.545962
-1.971560
-0.221982
0.702993
-0.387745
-0.366090
0.330328
-1.442113
-1.749069
1.802448
0.456569
1.831143
-0.331162
1.108698
3.843941
-1.552286
-0.252515
2.168171
-1.218869
1.575397
0.428667
-1.062042
-1.401490
1.272643
-0.669036
-1.377301
1.990041
-2.632669
-2.715028
-1.466583
-0.918159
0.796303
0.272406
-2.755534
-0.087944
-0.547856
-1.594219
-1.049282
-1.261771
1.741316
-0.054205
0.232752
0.407166
-1.111314
-1.839511
-0.366735
0.210580
0.633686
-1.833472
-1.784285
-2.017136
-1.111654
1.358133
-1.563198
1.064502
0.233952
-1.848039
-3.550909
-2.224332
0.314707
1.764359
-1.346405
-1.832887
2.926793
-0.392038
3.240134
-1.784861
-0.456881
-1.359583
-1.724193
-0.257531
-0.755712
0.793991
-1.513011
-1.335083
-2.243622
2.416723
-1.237027
-3.558780
-2.753857
0.394624
-2.348571
-0.776354
0.178863
-1.356304
3.743719
-1.560299
-0.501059
-1.953688
1.079275
2.085064
0.657281
-0.649521
-0.762217
0.135496
-1.234459
-0.868569
1.120074
0.057662
0.652382
-0.546399
-0.551120
0.706228
-1.762864
0.059204
-1.508855
-1.105973
1.969200
3.104180
-2.624588
-1.763019
-1.820011
0.370668
-0.282203
1.566137
-0.635028
-2.633141
-1.089212
-1.214731
-1.263273
-1.792376
-1.483326
0.332011
-1.827808
-1.374886
-0.750033
1.468164
3.728867
0.065278
1.303062
-2.204244
-3.396018
1.938813
-0.956310
0.918988
-1.861691
0.527960
-1.714457
-2.525639
-0.814284
0.494312
-2.313023
-0.033217
-0.555508
0.806475
0.263874
-1.047068
-1.450133
-2.454583
1.388920
0.057539
0.512968
2.245500
-0.015865
-2.087284
-0.220564
0.841420
0.060484
2.218712
0.734430
0.360736
-1.266149
-0.490065
1.079373
0.795766
-0.321490
-2.119169
-0.117060
-0.342766
-1.508646
-2.958993
0.046814
-2.654040
2.157442
-0.164952
-1.719680
2.009370
-1.885524
2.916352
-3.342494
-1.367248
0.166600
-0.466967
0.878594
-0.262971
2.210238
-1.025293
0.690123
1.829181
-0.727749
-2.208123
1.473648
-0.914795
0.846299
0.886603
0.142221
-0.418417
-0.547541
1.727604
-0.013616
0.584467
0.004218
-1.969756
0.201368
-0.885750
-1.479403
-0.722444
1.602521
1.218922
-0.679333
-1.590097
-1.650694
-3.174038
-1.640515
2.133709
0.021561
1.831244
1.632939
-1.098320
-0.749742
-1.637639
-0.783840
-1.689034
-0.524754
-1.470371
-1.201112
0.510744
0.657619
-0.644964
-3.682423
-0.237290
-2.284063
-1.224451
-2.548489
-1.608514
0.481123
-1.104357
-0.969940
-3.230122
-1.781872
-1.782976
0.237209
-2.238604
-0.507632
-0.654829
-1.912910
0.381478
-1.325889
0.702814
1.987816
-0.367731
0.019688
0.318056
0.942849
-2.356991
-1.295417
-2.003872
1.772736
-2.113135
-1.539424
-0.293752
-1.003848
0.082687
1.011533
-2.513318
-0.410092
1.520662
-1.868317
-0.115613
0.646331
0.692396
3.088031
0.939165
0.047957
-3.372254
2.157721
1.226389
0.046124
-2.682544
1.544312
-3.536603
-0.508576
-0.577199
1.350508
-0.646769
-0.113439
-0.475011
0.418558
-2.153271
-1.779195
-2.430786
-1.002038
0.688158
0.456567
-0.671110
-1.372828
-3.026375
-0.484988
0.803630
-1.820055
1.890464
-0.637328
-0.861558
1.955739
0.120820
1.244873
0.934600
0.978475
0.826697
1.271939
0.118933
1.384742
-2.970403
-2.718581
0.642303
1.913791
-0.805190
0.056266
-0.947821
-0.234192
0.725694
-1.794838
1.733415
-1.686560
-2.214097
0.156740
-0.686738
0.747034
-0.016621
-0.658777
-0.032092
1.275652
0.844923
-0.465196
-2.795025
-0.969434
-1.244119
-0.615728
1.089539
-1.146685
-2.454043
0.485691
-0.731794
1.916039
0.174492
-1.013280
-0.486282
-1.628043
-2.053895
-0.698082
0.407270
1.141714
-2.544214
0.289352
-2.623161
-0.919472
-0.306770
-3.007635
-1.958607
1.899778
0.730851
-1.840797
-1.559402
-1.377828
-1.117267
-1.516886
-1.285282
-0.060006
-0.337914
-2.913235
2.106100
-0.431483
0.714828
-2.251997
-1.891155
-1.490301
-1.572119
-0.514877
-0.316894
-2.321964
-2.880057
1.037485
-3.243930
0.514904
-3.225310
-0.001695
-1.091727
-1.756799
-0.890340
-0.902572
-1.585825
-1.295276
0.174547
-3.571153
-2.865245
-0.367838
-0.368192
-0.837252
-0.640393
0.725847
2.502110
-2.049772
1.368573
-1.884262
-0.257175
1.094801
-0.698568
-2.190442
-1.901973
-0.500482
0.812701
2.115932
1.149693
1.400629
-2.398458
-0.881430
-0.450007
-0.787292
-1.288484
-0.265915
-2.464897
0.040799
0.457981
0.328481
-2.347063
-0.910273
-0.169068
-0.715957
-4.648541
-0.236833
0.275231
-0.357108
-0.374149
-1.086910
1.315133
-1.261341
-0.256811
1.993457
1.320218
-1.188793
-1.790779
-5.627974
-1.220795
-1.737594
-0.401693
1.549967
0.869247
-1.036513
-2.431410
0.550597
-0.948206
1.377903
-2.516154
0.362905
0.454080
2.327007
-1.740221
-1.485682
-3.405025
-2.915119
-1.728262
0.093682
-0.411830
0.290654
0.137672
0.608889
-1.703576
-2.474497
0.045253
-1.404203
-0.171973
0.654593
-1.268506
-0.875703
-2.169013
-0.689144
0.080733
-1.763846
-1.846552
-0.338522
-0.257567
-2.241806
0.572510
-2.562865
0.028335
-0.865272
-2.329971
-0.376045
-0.103006
-0.899841
-1.887184
0.088130
0.176350
-1.788581
0.863238
-0.334795
1.684946
-0.725195
-0.947107
1.211097
1.377958
-3.380796
0.703404
-0.619516
2.222046
-3.998440
-2.018895
1.659809
-2.088787
-0.029788
0.981959
-3.651827
0.876064
0.624297
-1.747416
-1.123783
1.723623
-0.261577
-0.696319
0.942302
-0.541504
0.480314
-3.031340
-0.772434
0.897688
-0.652206
-1.340071
-3.525089
-3.081030
-2.712277
1.660177
1.766298
0.418916
-2.905126
1.231063
-0.466356
0.729563
-1.184719
-1.679371
0.112553
0.195679
-0.616806
-0.527393
-3.293627
1.945686
-1.328158
-2.203005
-2.298530
-0.995268
-0.268284
-3.593227
0.965375
0.072132
-2.587241
0.864534
-2.260358
2.330600
-2.966397
-1.548533
-1.151251
1.519565
0.046771
0.855669
-1.913297
0.135833
-0.198672
0.761029
2.156406
-0.162917
0.387201
-0.834270
0.045142
-0.162789
-3.213756
-1.065641
-1.621249
-3.249255
-0.004291
-3.348533
-1.749221
-1.127905
-0.768333
-2.753441
-0.108691
-0.301025
-1.497672
0.320089
-1.087172
1.440654
-1.807340
-1.090694
-1.101855
0.060230
1.301787
-0.663363
-2.786172
-2.362466
-0.743188
-0.613858
-3.369394
1.678440
0.996118
2.493457
1.853178
-1.710204
1.446707
-0.007632
-0.768777
0.196619
-2.590376
0.274998
1.076614
1.844012
0.217372
0.906478
1.967795
2.333627
-1.950242
-1.322735
-0.318052
-1.082289
-1.646880
-1.692734
0.702725
1.127706
-0.164757
1.362713
1.214418
-2.364248
-0.289618
-1.124805
-2.805001
0.824465
0.195640
-1.540395
-0.017872
-1.958251
-0.869603
0.842426
-0.783296
-2.866488
-0.127641
2.592334
-1.470289
-1.224292
2.129644
-1.742259
-2.593223
0.555263
-3.701448
-0.070952
-1.259779
0.626758
-2.341436
-1.147715
-0.484308
0.980715
0.737070
0.818044
1.278111
-0.240435
-1.193274
-1.365749
-1.080016
-0.765602
0.825684
1.657167
-0.793943
-1.544258
1.183633
-0.271793
-3.499175
3.498600
-0.753750
-1.486251
-0.574594
1.170639
-1.138111
-0.646472
-1.110656
0.407664
-0.803462
-1.405651
-1.430416
1.643458
-0.871735
0.066183
-1.905662
-2.024898
0.086350
-0.602853
-0.624144
-1.079328
0.074856
-0.853074
-1.408046
-0.451594
-1.406258
-1.660619
1.756702
-1.261760
-0.976357
0.659135
0.130071
-0.325728
0.641910
0.028189
-0.459503
2.790251
-1.675141
-1.266559
-1.084519
-0.282291
-0.257394
-1.359816
-2.410474
0.248610
0.430465
-1.006259
-0.674156
-3.536863
-1.084954
-3.912680
1.106585
-0.237200
1.905747
-1.667997
-1.050814
0.150959
-0.084297
1.744452
-0.343917
-0.876536
-2.673783
-0.760009
-1.270243
0.033028
-1.648276
-3.255934
-0.311647
-1.906230
1.698399
-2.438734
3.046788
-0.287279
-1.579309
-1.108627
-2.921033
-2.190233
2.754548
-1.359725
-2.100650
-1.104105
-1.922317
-2.272055
-3.337664
-3.655540
0.248162
-2.372988
-0.314206
-0.120278
-0.417917
-0.186876
-0.940888
2.062473
0.336920
0.860161
-1.429549
-1.780539
-0.945826
-0.161921
0.548872
-1.996076
-3.307979
-1.974471
-1.083706
-0.922278
-1.037818
-1.033191
-0.760694
1.692602
-2.202893
-1.064698
0.746350
-2.546991
0.212052
-1.504591
-0.991408
-1.491640
0.116622
-1.426045
-0.795561
0.086037
-1.152993
0.306744
0.627216
-0.445852
-2.447643
-1.121281
-1.946576
-0.919116
1.058726
-0.384196
-1.952216
-1.270223
-0.334759
1.037215
-0.462159
0.468509
-3.092217
1.173515
0.633115
-0.943427
-0.932520
-2.848260
1.454236
2.795055
0.384362
0.898628
-1.082270
-0.928721
2.990832
-2.482318
-2.430918
0.593643
-3.388675
0.415103
-1.444384
-1.820104
2.131538
-1.507124
0.207157
2.539210
-0.681616
-0.291982
-1.760798
-0.508263
-2.483701
2.648026
0.280733
-2.388232
-5.682160
2.374803
-0.672960
0.196163
-0.463136
-1.005339
1.613461
0.231320
0.646244
2.018555
-1.496232
2.132441
-3.490446
-3.098138
0.069242
0.667340
-0.974750
-0.067679
-3.078144
-0.450958
-0.536418
0.262184
0.221636
-2.738966
-1.788557
-1.591767
-0.568041
0.498211
0.144727
1.177110
-1.231807
-0.954533
-0.313501
0.538722
-0.967997
-1.361663
-2.674993
1.142986
-0.337526
1.582396
0.001519
-1.127179
-2.304407
-2.803259
-1.727998
2.325315
-1.142463
-2.261192
-2.918971
-0.198694
-2.156598
-2.638689
-0.362867
-0.729797
-2.629162
0.511044
-1.528527
-1.119438
-1.161459
2.747590
1.503028
0.965977
-1.574036
-3.445009
0.824722
-0.694850
-1.653285
0.338796
-2.642087
0.565048
0.673192
-0.312795
1.812284
-3.698310
0.391610
1.047238
-0.610074
-2.627515
-1.049249
0.364862
-0.940879
0.859857
-0.852761
-0.411848
1.051842
-1.116760
0.513250
-1.156385
-0.086223
0.677070
0.610493
1.624512
-1.707440
-0.952603
-1.401056
-2.253811
-1.256710
-0.781246
0.829816
-0.623141
-1.636168
2.074429
-1.140249
-0.624391
-2.191673
2.474090
-2.370328
-1.334683
-2.110328
1.629665
-0.898380
0.786538
-2.869104
0.462478
-0.796713
-0.335817
1.145712
-1.067548
1.189972
-0.272844
-0.658255
-2.169897
1.658008
0.067325
-0.091427
1.174040
-0.001474
2.936290
-1.243950
1.440486
2.156852
-0.613881
0.567337
0.525348
-1.281897
-0.315582
0.450027
0.727473
1.529356
0.231004
-2.141622
1.112375
0.131293
-2.672438
-1.204596
-0.891905
0.300540
-0.592716
-2.104389
0.453398
-1.920162
-2.267028
0.831535
0.074221
-0.148479
-0.411536
-2.244832
-2.912183
-0.712624
-1.597952
1.403425
-1.238870
1.279437
-0.109375
0.949980
-1.955435
-1.338804
-0.576309
2.966262
-0.229835
-0.245918
-1.954002
-1.161233
-0.128685
1.059386
-1.371110
0.988749
-0.586769
1.179545
1.917485
-1.060812
1.333015
-2.810015
-1.754800
0.687180
-0.509408
-3.807549
-0.225923
1.295315
-2.751347
-1.177836
0.932368
-2.494900
-0.731303
-1.076730
-0.567858
-1.482157
-0.695877
0.663350
0.138304
2.077543
2.401256
0.076193
3.514654
-1.856305
0.160213
0.663410
-2.920272
-0.937950
-2.714515
-2.890921
-0.575516
-2.908445
-2.631334
2.125068
-0.191362
-0.411358
1.451268
1.048945
-0.168690
-3.426813
0.635270
0.378448
-0.633520
1.774460
-0.429691
-1.470670
-3.165595
-2.407824
1.122775
-2.244697
-0.983878
-0.622083
-1.650362
0.962547
0.368237
-0.010118
-2.306961
-2.894983
-2.487764
-0.385492
-0.057636
-0.705498
0.940763
0.623296
-2.294661
0.183980
-0.546907
-2.112648
-1.682090
-0.955017
2.290611
-1.684123
0.168152
-0.853193
-0.846048
-0.932519
1.115918
-4.033301
-1.946522
-0.648796
-0.990878
-0.572494
-1.801480
-3.254156
0.057662
1.440410
-0.349274
0.860727
2.506236
3.994675
-1.242516
0.374505
-0.180747
-0.792368
1.419709
1.246971
3.777030
-1.856667
-0.172297
-0.772325
-0.273323
1.134520
2.436170
-1.616246
3.105724
0.838410
0.569905
0.391374
1.957481
-0.507289
-0.179385
0.427483
-0.296211
-1.394535
-1.455749
-3.946716
-1.303446
-1.339079
-1.052272
-4.897596
-2.120034
0.474145
-3.337558
-1.202231
0.292399
-1.912916
-0.017007
-3.091850
0.849542
-1.819804
0.111728
-0.102242
0.965813
-0.529850
-1.348312
-2.551843
-0.109776
-3.026338
-2.143851
-2.118319
-2.189093
0.405406
-2.219646
-2.339941
-0.672004
-4.468956
2.060632
-1.278827
-2.511370
0.693595
1.006328
0.996160
-2.758405
1.340214
0.347284
0.128629
-0.568144
-2.142658
-0.322530
-1.181474
0.026890
-0.514265
-0.424610
0.336348
1.508990
-3.131888
-0.167299
-0.240979
-0.093965
-2.983129
-0.556445
-0.756490
-0.524937
-1.279867
-4.148861
-0.833466
-1.528258
-1.465871
2.059255
0.147256
-0.850642
-2.036688
0.296980
-1.411118
-2.117624
-0.163681
1.795048
1.683221
-0.587168
-4.264418
-0.805437
-2.562206
-0.160877
-0.973474
1.576303
-2.301288
-0.094154
-1.236567
0.013769
-1.174933
2.608860
-1.858534
-0.003819
1.726426
0.151508
0.218184
-1.558211
-0.416509
-1.445034
-0.649765
-0.181142
-1.014235
-1.402756
1.013991
-1.085929
1.710008
-1.670313
-1.700646
-0.044913
0.481277
-0.744284
-0.641714
-1.937312
-2.265236
1.489800
-1.142438
0.191378
-0.144276
-1.184543
-0.316615
-0.055441
-2.644456
0.436516
-1.590476
-2.852047
1.322802
-1.256761
0.203864
-0.475528
-1.487963
-0.272019
0.448742
0.402216
-1.853595
0.392312
2.372086
0.983490
-0.655180
-0.819086
0.778964
0.563953
-1.054626
-1.758868
-0.714174
1.939679
-2.664085
0.103621
0.029768
-1.980063
-0.712925
-1.557813
-1.145220
-1.134549
0.792535
-1.388404
-0.018944
0.787934
-0.898203
-1.355622
-0.999036
-2.431561
1.214998
0.825165
0.024418
-0.527382
-0.883793
-3.033256
-3.736087
1.822592
-1.331709
-0.228351
-0.268560
-1.152809
2.267709
-1.142479
1.359454
-2.129473
-1.329306
-0.307689
-1.668188
0.313752
0.452031
0.379375
-1.092389
0.364291
0.552937
0.200141
0.400662
-2.079424
1.822911
0.494190
-2.216384
-2.597574
0.131423
1.274673
0.460286
-0.044502
-1.518306
-2.010591
-0.850764
-2.190807
-0.908965
-0.970824
1.290395
1.183721
-2.279443
-0.602063
-1.583775
-2.030118
-1.407820
0.216944
1.725231
-2.301976
-3.282788
-3.250424
1.238158
0.026367
-2.732591
-2.742449
0.272738
0.206138
1.669304
-2.074901
-2.737208
0.129634
0.171791
-1.794998
-2.468671
0.354157
-1.035003
-2.900655
-2.671252
0.707168
0.763648
0.743102
1.502970
0.617911
-1.906368
0.667246
0.254209
0.141049
1.086165
1.678168
1.303728
-1.296475
-0.316535
-2.850069
-2.512275
0.364400
-1.382270
1.271012
2.397127
-0.818003
0.243118
-0.462163
-3.923102
0.931058
2.186625
2.078595
2.248103
-1.089942
-0.672600
-1.392084
0.483859
-4.212882
-1.022940
-0.193289
1.647334
-2.299599
-1.365410
0.258479
0.027650
-1.142183
-0.863040
-1.802552
-1.712117
1.031963
0.859557
1.445264
-0.070347
-0.213248
0.960029
0.745093
0.667733
-2.525132
-2.851042
1.249226
-0.576178
1.381198
-0.957507
-1.606515
-1.484551
-2.226644
-2.022806
-1.657920
1.353856
-3.719783
-2.810766
-3.385806
0.399192
0.600752
0.184667
-0.758866
0.476190
-2.744593
1.539752
2.751229
-2.106968
-0.808736
-0.015064
-1.522985
-1.763681
-0.343664
-2.066626
0.155782
-0.893265
0.419403
-1.979775
-0.586789
-1.506585
3.051551
1.540250
-1.826574
-2.070142
-1.540201
1.322761
1.087407
0.867677
-1.757889
0.811144
1.997376
-3.408194
-1.248439
-1.114800
-0.560459
1.973356
-0.165071
-1.967244
-0.559027
1.125714
-1.684216
-0.094218
-1.524358
1.245191
1.725815
-0.944145
-2.176728
-1.263158
-1.607129
-1.404466
0.578221
-1.344434
0.500079
-0.918939
1.702921
1.483769
-0.052722
0.231403
0.987637
0.880317
-2.932290
-0.837739
0.972705
-0.261304
-2.603357
-1.015048
-0.948294
0.821209
-0.489305
-1.338965
-1.120343
2.429307
-1.735731
-1.089800
-2.018716
-2.742149
-5.050601
-1.850922
0.418043
2.925446
-0.736439
-1.346339
0.321897
-0.945870
-0.592298
0.519139
-0.736521
0.034847
-0.711757
-2.796155
0.745013
-4.835081
0.767774
3.102022
-0.972528
-3.558708
-0.565783
-0.528254
-0.935528
2.994297
-0.772596
-3.835914
-2.346136
-2.569859
-1.263116
-2.099543
-3.640290
-0.908168
0.809473
1.335700
-0.426137
1.159623
-1.259850
-0.153730
-0.383224
-0.098115
-0.349340
0.282439
2.143373
2.875886
-0.755825
-3.052741
-1.327527
-1.361843
-0.392404
-1.798012
1.106663
-2.126508
-1.029109
1.335096
-3.368153
-0.373051
-1.846453
1.604574
-1.963227
-0.866915
-2.576117
-0.583143
0.414550
-0.624871
-1.426769
-0.186015
1.173259
-0.718906
-0.061325
-2.247192
-0.672393
1.101004
1.048716
-0.852754
-2.844589
-0.940951
-2.955190
-0.557804
0.320344
0.370134
-2.369969
-1.821787
-1.574070
0.043663
-0.466287
0.175826
-0.158676
0.976956
0.679790
-0.969832
0.055550
-0.470534
0.714317
-0.481531
-0.521074
-0.522489
-0.014101
-0.969886
2.243552
1.724588
2.453163
-1.033429
-1.574588
0.822680
0.075665
-0.913135
-1.221186
-0.431340
-0.906304
-3.870827
0.953994
1.568109
-0.203846
-0.682663
-0.685502
-3.700079
-0.915626
0.714701
-0.382013
0.995344
-0.024348
0.023562
0.472699
0.036303
1.617715
0.121206
-2.679765
-1.840508
0.624777
-0.622841
2.400118
-0.533872
0.938446
-0.234676
1.055816
-1.587140
-0.836628
0.945107
2.078685
-0.578260
0.262980
-0.690615
-0.063187
-0.055249
-1.021902
1.797204
-0.265527
-1.653681
-0.667316
-1.494823
-2.780290
-1.634849
0.738842
0.365866
-1.067846
-0.188272
0.724343
-1.035276
-0.271242
0.392250
-0.677334
-1.735235
0.475771
-1.648771
2.736972
0.294941
-0.074454
1.236238
-1.722484
-1.367649
-1.209197
-1.472779
-1.085272
0.729453
-0.563017
-1.479641
1.424890
-0.178281
-0.793857
2.223972
0.391919
-4.126974
-1.710593
-2.967192
-0.357133
0.463878
-0.861430
-0.267016
-0.449389
0.389416
1.419677
1.239216
-0.175922
-0.370151
-1.684436
-0.049416
1.744543
-2.980545
1.096645
2.799880
2.520441
1.158276
-1.559707
0.687424
1.930715
-1.450189
-0.720545
-0.261626
0.677219
-0.763145
-1.513186
2.826262
-0.456153
1.711506
-0.393091
-1.793745
0.577082
-1.155892
-1.610227
-1.566720
-1.611890
-1.462590
1.779887
-2.782771
-1.160944
0.789959
2.122352
0.386392
-0.868782
-3.461776
-2.308794
1.899110
-1.871502
0.433570
-0.912538
-2.384560
-0.626656
0.217704
-2.114558
1.892611
-2.034840
-1.940514
-0.158919
0.285186
0.521083
0.603510
0.054314
0.857047
-1.701392
-1.349992
-3.592943
-0.785959
-3.152091
-0.165555
2.110463
1.785425
-0.263395
-2.411813
-0.226447
0.047405
-0.286809
-0.276168
0.985031
1.351832
-0.871705
0.296903
0.357239
-0.269547
-0.839317
-0.697946
-3.877369
-2.735108
-1.448245
0.952080
-0.922948
-2.601005
1.728811
0.702236
0.451850
-0.401085
1.061231
-0.542749
0.337164
-3.311391
-0.829328
-0.307953
-3.637152
-2.481177
-2.229007
-0.676743
1.882832
-1.975152
-0.220015
-1.215050
-1.317889
-0.230119
-1.931538
-0.732630
-1.955811
0.776587
-0.228904
-0.917234
1.416130
-1.061824
-2.716297
0.182514
-1.386816
-3.508795
-1.245004
-0.479111
-3.382748
-0.018441
-1.404430
0.113589
0.937029
1.702395
1.362312
2.281895
-1.301010
-0.959203
-0.206571
-0.596798
-0.109683
-2.457543
-0.665955
-1.309693
0.998197
0.010057
-0.743224
-0.480290
-2.592659
-0.182397
1.706984
-0.894586
0.539322
-0.504331
-0.195652
0.768622
1.580518
-2.153116
1.417300
-0.465967
-1.519487
0.599528
-0.157903
-0.315389
0.269399
-0.780489
-1.244923
-2.336084
-2.423978
0.821344
1.566082
1.275085
-3.331231
-1.570500
-2.079659
-0.680544
-1.514778
0.649044
0.045819
-1.326901
-1.023681
0.965946
-0.669837
0.384930
-2.904796
-3.560208
0.821229
-1.132144
2.512814
-1.353549
-0.458146
-2.333694
-0.952030
2.936822
-0.153461
-0.956108
1.479403
-1.740304
0.086131
-1.512305
2.521912
-0.594598
0.037602
-3.672814
1.093136
-1.022904
-0.630662
-1.908090
-1.033282
-1.842614
0.258016
0.285042
0.782188
0.843596
0.677321
1.472981
-0.466711
1.089515
0.597774
-0.336123
-0.322821
1.711944
1.094730
-2.156392
1.641654
-1.026794
-1.228688
-3.218988
-0.226254
-0.910914
-1.086303
0.249370
-0.617862
0.236022
0.333244
1.401443
-3.162009
-1.797417
-0.283611
-2.899957
-1.032952
-1.916695
-2.717320
0.387985
-0.922748
-0.491069
-0.748174
0.253247
0.505022
-1.713172
-1.583424
-0.286851
-1.481387
-1.531946
0.597503
2.052923
-1.498532
0.230889
1.540713
0.523257
2.127257
-0.274649
1.648194
-2.463009
2.155412
-0.128333
1.480938
-1.070743
0.960800
-0.683053
-0.251354
-1.346963
0.759505
-1.622630
-2.287249
-0.399269
-0.997603
-1.954256
2.993689
-0.196070
-3.657197
-0.914741
0.938874
-1.748485
2.105117
-0.926441
1.325360
0.920693
-0.748737
2.509306
-1.732793
0.197040
-1.970864
0.898199
-1.145394
0.004739
1.452803
0.195315
-1.571355
1.126498
-0.380032
-3.833824
1.116886
1.229388
-1.236632
2.627498
0.443422
0.071701
-0.903746
-1.014361
-0.299559
2.065035
1.237606
-0.997842
-1.249344
-1.141502
0.755023
-1.864095
-0.723428
0.521706
-2.104614
2.168416
-1.508451
-0.115571
-2.798129
-1.188792
-1.872822
0.684411
-1.660952
-3.833693
0.554727
1.002151
-1.372128
-0.419350
-1.914620
-0.767910
-0.661733
-0.394056
-2.294341
1.957535
-1.907590
-1.742001
-0.651303
0.302919
-0.341180
-0.958498
-1.116017
-2.880694
-1.555024
-3.117215
-0.206677
1.675354
-0.825004
-0.433289
-0.501309
0.334797
-2.048387
-1.856701
-1.214935
0.553163
4.620442
2.098677
0.735751
1.128407
-0.308046
-0.053611
-1.636781
-2.369481
-1.072050
0.441803
-3.028404
-0.246118
0.042575
0.241022
0.068714
-0.838541
-1.327766
-0.026784
-0.719648
0.547146
-0.845018
-3.637517
0.745980
-1.665590
0.130447
-1.360193
0.960531
-1.834404
-2.182745
-1.069810
-0.223262
0.740514
-1.118312
-0.623963
-0.432657
-2.032336
0.371192
-2.148958
-0.784486
-0.712199
0.179571
-0.901381
1.446869
0.815363
1.836556
1.653912
-0.008555
0.344384
2.952041
-0.182662
0.638726
-0.535390
-0.110583
-0.741354
1.464015
2.140715
-1.446615
-0.425357
1.737608
-3.358295
-2.991991
-0.346790
1.586318
-1.999397
-1.252629
1.461507
-0.568584
-2.031164
-0.267734
-2.795465
-2.875957
3.654802
0.757641
0.475290
-1.338797
0.994255
-2.218818
0.084709
-1.453914
0.713245
-0.412814
-0.365238
-0.299619
-1.627380
-2.261962
2.465011
-0.670704
1.680342
-1.497870
0.027506
0.075400
-0.377394
-3.121502
-0.540124
0.958171
-0.730755
0.585849
2.088223
-1.082783
0.193734
0.620038
0.623101
-0.983881
-1.402872
0.647371
-0.981941
0.475880
-1.035517
1.537357
-0.566751
-3.451986
-2.615034
1.955787
-1.549324
-1.766556
1.262225
-0.523474
-1.721461
-0.848601
-1.709014
-2.340536
-0.710282
-2.040532
0.721283
0.100050
-2.700798
1.429944
-0.626972
-3.610358
1.251280
-0.129479
0.012182
-0.974014
1.587636
-4.463158
-1.957037
-1.032688
1.461132
0.813895
-2.428995
-1.461473
-0.684037
-1.187194
-0.834578
-0.593512
-1.616611
-0.755240
-3.973667
0.841439
-1.152203
-2.755674
-1.666856
-1.125085
-2.062372
0.295530
1.088765
-0.325561
-0.745712
0.452222
-1.653409
-1.475047
-1.089711
0.451882
0.828231
1.349721
2.824933
0.188514
-0.460412
-0.483178
-2.854407
0.617464
-0.122697
0.383648
-0.716074
-1.572729
-2.943166
-0.580789
-1.252017
0.598503
0.251227
-3.079017
0.851658
1.276698
-2.514598
2.013821
-1.111711
0.159354
-0.010243
1.111687
-1.348863
-0.219637
-0.024433
-0.388479
0.231527
1.870752
-2.440758
-0.465240
-1.745780
0.286293
-2.707804
0.515263
0.503188
0.975086
-0.305950
-1.652166
0.283113
-0.756703
-1.352477
-0.387987
-2.052059
0.316263
-1.208620
-3.372792
-0.177986
1.466605
0.794363
-0.284421
0.729790
-0.663767
-0.824196
-1.337430
0.046130
-0.926760
-3.183771
0.775537
0.871956
-0.538681
0.020484
-1.826879
-0.714143
0.368342
-2.633166
-1.487348
0.356514
-1.130826
-0.859585
-0.590180
0.790382
3.214700
-0.920632
-2.268468
-1.099827
1.554929
-1.244877
-0.611893
-0.198461
0.064175
-1.010979
-1.119360
-3.542873
-1.086256
-2.210688
0.681236
1.739043
-1.337037
0.066634
0.981596
1.020439
0.806211
0.414399
0.340938
-1.322465
-3.213159
-1.738566
0.833254
2.377573
-0.437464
-0.642385
0.279483
-0.597304
-0.775491
-0.569311
0.477060
0.856890
-1.477679
-0.105941
0.035362
-0.070214
-1.112196
-1.785894
-2.155675
-0.774341
-1.711544
-2.157579
-0.164551
0.247748
0.388752
-2.216920
-0.243310
-0.482048
-1.919687
1.583829
0.030434
-0.360237
-0.804299
1.744949
0.204665
-0.831758
-1.169644
-1.669211
-2.320443
1.436425
1.231547
-3.357649
2.358799
-0.630053
-2.480353
-3.043285
-2.593938
-0.184444
0.236756
-3.260984
-1.303173
2.695235
-0.005855
-0.193090
-0.589813
-0.487061
-1.024100
-1.454268
1.089917
-3.019447
-0.036709
-0.292646
-1.404678
-0.291565
-1.173342
1.654201
-0.669809
1.653579
-2.598392
-0.680754
-1.438599
-0.779408
0.959487
0.910422
0.735325
-1.240808
-2.481633
-1.050735
-0.150149
-1.383429
-1.174229
2.071976
-0.155683
-3.450103
0.081691
-1.866897
0.323419
0.484393
1.396613
-2.289288
-1.689814
-0.938149
0.550031
1.603570
-1.032357
-0.994467
-2.612812
-1.451278
0.495957
-0.302613
-0.112603
-0.996336
-1.364449
-1.469693
-0.790563
0.932745
-3.977230
0.578156
-0.905531
-0.097586
-1.783431
0.624710
-3.142833
-0.919154
-1.862757
1.684630
-0.263654
-1.503023
-3.107414
-0.120058
-0.386110
-0.662570
-2.675401
-0.227066
-1.163146
-1.478331
2.417214
-2.275269
-0.015988
-1.134975
-0.347586
-3.033316
0.989889
-2.707237
1.458425
2.027963
-0.342352
0.364168
-1.367214
-0.527102
-2.145737
-1.811491
1.686678
1.088878
-0.482727
-1.842154
0.777980
-0.667732
-2.079360
-1.885979
-1.510781
-1.131455
-1.522523
-3.062046
-0.941291
0.047889
-2.016387
0.565275
-1.483829
-3.393343
1.636629
-0.055117
0.988225
-0.147357
-1.218988
-0.638331
-2.693184
1.827626
-0.082731
-0.217604
-0.353859
1.310544
0.336928
-0.614438
-0.489716
1.464318
-1.957481
0.019842
0.153393
0.000620
-0.764421
-0.686934
0.021502
-0.671342
-1.082180
-1.029200
-1.658491
-0.433533
-1.223043
1.816753
-1.010277
-1.437277
-1.420991
1.127872
-1.306670
-0.436356
-0.922222
0.341733
-2.102650
-0.010533
-0.276772
0.819347
1.429024
-3.142083
0.254075
0.741921
-0.303400
-1.520562
0.207869
-1.941553
1.536787
-1.469087
-2.827130
-1.647761
-2.684184
-0.492297
-0.056656
-0.676269
-0.636408
-0.601614
1.487804
-1.155040
-1.923752
2.703268
0.687876
1.999307
-0.093068
-0.143048
-0.135967
2.565287
-0.897176
-0.593607
0.701872
-0.213309
-3.577981
1.447122
-1.188684
-0.502560
-1.448319
0.044395
-0.739207
-0.558862
1.620904
1.708339
0.527831
1.334880
0.309847
-0.611699
1.689315
-1.284947
-1.368379
0.014370
-0.657718
-3.098073
0.014256
-2.538520
-0.345222
-2.456401
-0.499471
-1.876828
0.223361
0.542666
-1.384862
-0.016131
-0.098915
-0.059609
-0.704011
0.276727
0.273616
-1.276553
-0.704168
-1.379360
-0.287763
-0.581064
0.374551
-0.781482
-3.218484
-1.050704
0.606910
0.691495
0.457673
-0.204624
-0.010706
1.403639
-1.315609
-1.333244
-1.008363
0.776164
-0.164424
-1.515680
1.279344
-2.454963
-3.154802
-1.611687
-3.236324
-0.249035
-1.365988
1.287124
-4.262786
-0.951107
-2.134864
-0.970767
0.449102
-0.805276
0.606872
-0.619233
-1.815234
0.870262
-0.657797
-0.695471
-0.683321
-3.073080
-2.215535
0.304192
0.419193
-1.075176
-0.882190
-3.163516
-2.185325
0.397640
0.250017
-0.826521
-0.111541
-2.756460
-1.402344
1.006820
-0.616716
-0.727299
-1.103866
2.992785
-0.162774
1.028419
-0.321467
-0.908507
0.240387
-0.680625
2.475996
0.333797
2.840342
-1.533366
-1.014367
-2.930679
-2.495696
-3.518525
-1.515099
-1.085530
0.646800
-3.492540
-0.557194
-0.268326
0.375333
0.861294
-1.243491
0.745038
-2.364127
-3.011028
1.797096
-2.848194
0.768115
-1.835197
0.374901
1.515518
-0.124820
-1.277211
-0.634093
2.089519
0.857401
0.747930
1.807933
1.036368
-2.915415
0.773946
0.057098
0.817586
-0.852783
-2.100385
-1.151170
1.147536
0.511102
-2.730393
-4.466219
-0.329839
3.200234
-0.586784
-1.257042
-0.124431
-1.726102
2.608571
-2.284471
-0.671820
0.046172
0.239594
-0.503989
0.254114
-1.889036
-0.559111
1.280152
0.955201
-1.504949
-0.883095
-1.573681
-2.520700
-1.204426
0.740006
-1.568478
-0.272482
-3.242997
-0.871281
-0.780561
0.206879
-0.988839
0.430481
-1.039428
0.784416
-0.004524
-0.253244
-1.582966
0.553372
-0.424036
-1.710774
-1.675106
-2.498700
-0.397678
-0.260084
-1.079541
-1.852558
-1.398844
-0.822185
-0.308013
1.885533
-1.665225
-1.708154
-2.805044
-1.688603
0.563800
-2.777194
0.767112
-1.593111
-1.381113
1.031081
-2.087836
-1.503318
-0.212624
2.206550
1.772168
-0.102156
-1.335443
-0.431808
-0.149324
-0.428752
-1.438879
-2.835446
-1.091499
0.909818
-0.301992
-0.702108
-0.961251
-2.024626
-0.618779
-1.121774
2.333640
0.220404
-1.287850
-0.383852
-0.493987
1.601989
0.670747
1.357012
0.833840
-0.106543
-1.936386
-1.160409
0.472471
-1.873752
-0.795606
0.229469
-3.508841
-0.784646
-0.620148
-0.173285
1.480588
-0.219356
-0.400078
3.514297
0.256508
-1.380913
-0.793114
-0.605541
-0.047085
-0.688882
0.433835
0.269806
-2.236895
-1.579956
1.327490
-1.299919
-0.020630
0.188962
1.447492
-1.204172
-2.049650
-0.795362
0.970057
0.107831
-1.987490
1.453857
0.047719
0.292610
-2.977806
-1.407066
1.026035
0.899204
-0.726636
-2.653186
-0.775624
2.654825
-0.349389
-3.752044
-3.562430
-1.699290
2.020566
0.514988
2.128347
-0.123917
3.492703
-0.547221
0.178318
-2.492205
0.326522
-2.410882
-2.328190
-0.615240
-1.829315
-1.950128
1.108987
-1.987043
-0.548913
-3.496953
0.379061
-2.323717
-1.184098
2.813821
-0.743917
-0.643765
1.218289
2.595882
0.105042
-1.551391
-0.535762
1.986081
-0.807410
-1.463020
-0.641211
-0.001669
-1.694505
-1.815678
1.300848
-0.524695
-1.653227
-2.302448
-1.394414
-2.001064
2.261556
-0.851127
-1.684038
-1.159056
2.619370
-3.630069
-1.848028
-1.937387
0.543442
-2.394440
1.831001
-1.540313
-3.159588
-0.089234
-0.951837
-2.632151
-6.088418
-0.020759
-1.956866
-3.261718
0.668789
0.080393
-1.577753
-0.676393
3.382312
-4.288013
1.536733
-0.953030
-2.548424
-2.140527
-0.882661
0.360440
-0.283754
1.115061
-0.425896
-1.611102
1.268133
1.005029
0.457662
-0.138339
1.957690
-2.818032
0.445856
-1.143234
-0.864417
1.992913
-4.511761
0.438960
1.220920
-0.041303
0.252737
-1.722971
-1.289011
-1.267629
0.021077
-0.826980
-1.786164
-0.677013
0.020881
-1.419405
-1.501892
0.225445
-2.678217
0.129360
-0.810581
-1.737268
-1.323960
0.160132
2.714508
-0.400860
-2.222851
-1.882684
-0.774280
-1.065813
-1.714859
-2.918738
1.257385
0.314365
0.045782
-0.241517
2.040350
-0.784638
-1.962020
0.577346
-1.816461
0.401239
-2.516731
-0.914753
-1.567286
-1.576789
1.519172
2.840929
-2.231503
-0.200630
-0.684442
-0.519675
-1.621139
-2.158208
-3.055701
-1.334383
2.479212
-1.041339
-1.519138
1.880778
0.093779
0.195003
1.663996
0.679258
-1.276018
2.208414
-0.945421
0.488135
0.087003
-2.821148
-1.582364
1.226461
-0.386752
-0.752707
-2.397181
-0.615298
-2.789060
0.708199
-1.183489
-1.180603
-0.958450
-1.513604
-1.727540
-2.736536
0.416947
-1.820846
-0.835472
-2.516593
0.879696
-1.816759
-0.177678
-0.720568
4.349885
0.503291
-1.795242
-1.562275
2.347644
-1.446870
-2.474504
-1.227522
-1.810002
0.896243
0.447694
-3.291234
-1.255791
0.744026
-0.357052
-0.548061
-2.824277
-2.943038
1.135667
-1.496373
0.040632
-2.153091
-1.814073
-0.192724
-0.782523
-1.703914
-2.108925
-3.161963
-1.271127
-0.842315
0.428022
-3.599416
0.682950
0.543175
-1.200773
0.539701
1.946262
0.843710
-1.447245
0.108663
1.472951
0.331834
-1.922035
-0.217309
-0.471285
-2.204492
-1.023803
1.240104
0.277115
0.698989
-1.878925
1.155925
-1.540851
-1.543389
-0.406602
-1.883760
-0.361960
0.387438
1.202563
-2.298950
-0.670759
-2.807875
-0.479088
-1.881405
-0.009442
-4.147909
-1.060034
-3.353611
-1.883289
-1.088000
-3.762414
-0.183737
0.133007
-0.407083
-0.602578
1.153615
1.358600
-0.956696
0.030130
-0.268570
-0.341563
-1.471240
0.667100
-2.135112
-0.826518
-0.928691
-1.044224
0.136037
0.451610
0.892700
-0.908548
-1.822024
0.116035
-1.732638
-1.123552
0.191911
-1.018973
1.124202
-0.609651
-1.424611
-0.149630
0.221520
-2.809059
0.060836
-1.207946
0.881088
-0.607978
-2.823148
-2.155985
-2.265781
-0.554936
1.286677
0.304271
-0.263003
1.322456
-0.580561
-0.297901
1.591086
-1.937206
1.986951
-2.319005
-0.961046
1.156764
0.221316
-2.720561
0.162736
-0.169062
1.491462
-2.976515
1.975764
-0.357657
-0.469919
-1.294580
-0.935088
1.463419
-2.823612
-2.403548
-1.675686
1.148432
-3.598687
-1.013717
-0.153240
-0.087847
-3.531117
-1.657221
1.153218
-0.773030
-1.560871
-1.715549
-0.476812
-0.277509
-0.214022
-0.883518
-3.011865
-1.587052
1.969144
-0.487912
-1.671068
2.271186
-0.332751
-0.323988
0.949710
0.503907
-0.492274
1.927406
-1.462082
-3.138636
-0.831195
-2.365540
-0.915462
2.462912
1.761732
0.355436
-1.342032
-0.455504
0.904778
0.367827
-4.349662
1.272591
1.903155
-0.585887
0.704967
-2.186184
-1.858544
-1.370916
-0.731807
-2.413748
-0.689952
-2.224780
1.779751
-0.845590
-0.690532
-0.731368
3.511258
-1.135108
0.853122
-1.728785
-3.515736
-0.657230
1.579437
-1.985961
-0.266315
-2.653529
-2.455549
0.037605
0.137005
0.230512
0.542826
-0.855564
-2.902063
0.231259
1.281631
5.019361
-2.905745
-0.986545
0.139157
1.083313
-1.570233
-0.312564
-1.909732
-1.856927
1.523489
-0.021344
-0.341522
1.858844
0.845786
-0.663512
1.904154
-0.137416
0.279921
-0.593236
-2.250223
-0.331197
1.561202
2.533177
-0.873344
-0.182685
-1.693461
0.325943
-2.267062
-2.968370
2.529413
0.902330
-1.899639
0.026171
0.546665
-0.946825
-0.612141
-1.463926
-2.112788
-0.143934
-1.006202
2.802192
1.834118
2.200287
-0.603559
2.354069
-0.234315
0.264399
-1.299278
0.496557
-2.093728
-0.300583
-0.366644
-1.466374
-1.476170
0.237398
0.983818
1.728576
-0.439475
-0.939577
-1.307741
-4.126948
1.842540
-2.513981
-0.964928
1.127476
-1.002218
-1.989376
0.681477
0.043891
1.545055
-0.332379
0.412549
-1.645502
-0.074007
-0.420029
2.212287
-0.108261
0.237407
0.560627
0.562957
1.034989
-0.414025
-2.406100
-2.152226
-0.231377
-3.741613
1.688509
-0.685985
-1.357712
0.634703
-0.745950
-0.884957
0.017154
0.207952
-1.414603
-0.930441
-2.254511
0.838774
-0.752365
-1.851467
-0.327695
-0.128590
-1.623842
2.217097
1.735229
-2.643677
0.397974
-0.491956
-1.178660
-1.424915
-1.149198
-3.030788
1.774923
0.064703
-0.304743
0.360366
-0.813915
-1.437289
-0.376713
-0.567486
-1.517021
0.230617
1.420623
1.886245
2.036969
-0.845100
0.267689
-1.360122
1.384141
-0.106849
-1.216492
2.154579
-0.251095
-1.070607
-0.139648
3.779758
-0.166582
-0.240074
-0.030540
-0.353024
-0.496512
-2.092893
1.204994
-2.074485
-0.020152
2.191854
-1.582251
1.359997
0.202723
-0.644982
-0.941882
-0.218136
0.054935
-1.860636
2.386125
2.219353
-1.107856
-0.582832
0.045508
0.365288
1.649411
2.820185
-0.255749
-2.379485
-1.551530
-2.287796
-1.303754
-0.469450
-5.439813
-0.848635
-0.608070
-1.540007
-1.148449
-2.017714
-2.615598
1.959085
-0.033248
-2.789715
-0.901381
-1.070076
0.645014
0.732323
-0.520439
-3.533050
-0.838932
-3.307834
-0.690880
-2.792928
-0.061609
-0.303554
-1.505005
-0.954656
0.009952
-1.550397
-1.255438
0.810058
-1.115773
-0.222231
0.928453
-4.312950
-1.020137
-1.779364
-0.500228
-1.581424
-0.155266
-0.014605
-2.131470
-1.222869
-2.809050
1.425310
2.305648
-0.863269
-2.766758
-1.179632
-0.058589
-1.363994
1.428293
-2.173364
-1.066753
0.575661
1.112259
-0.034846
-2.126348
2.580390
-0.450429
0.445671
0.059533
-0.554063
-1.431350
-0.985996
-0.338503
1.150464
-0.734530
-0.101576
-0.008314
-1.309033
2.143157
-1.169302
-0.348921
2.641969
-0.940525
0.028147
-0.500917
0.403310
-0.133673
-0.399763
0.726436
-1.735464
0.436693
0.608678
0.569259
-1.610908
-0.595275
-0.938768
-1.840322
-2.108260
-1.159993
-1.250559
-1.654575
-1.242507
-2.823862
-0.929110
0.667139
-1.581939
-2.107675
0.698330
-0.631988
1.554292
0.139085
0.496042
-3.719626
1.011679
-1.104853
0.605777
1.174299
2.059036
-0.788464
-1.213034
-1.261553
-1.939711
-0.290845
-1.807359
-0.391144
1.934065
0.672682
-0.770364
0.626278
-1.005326
-1.875154
0.849919
-2.398105
1.015694
-2.062337
-0.049958
0.455079
-1.296536
-1.300550
0.090122
0.600074
-0.341120
-0.911231
-2.749454
-1.811522
-2.566421
-2.083100
-0.234568
-3.864148
-2.118362
-2.840925
-1.277548
-0.014726
-1.099887
-0.951466
0.020801
0.476518
1.780387
-2.369983
0.801625
-2.800825
0.993716
2.511156
-2.000943
-2.429277
0.036352
-1.814789
-0.379246
-0.575179
-1.570416
0.194174
-0.018775
-1.032444
-0.318192
0.750171
1.662192
-2.293696
2.209324
-2.505158
0.747064
-2.444131
-1.524921
-2.118520
0.663467
-2.285186
0.091207
-0.447348
-3.218808
-1.393221
-2.280324
-3.611254
-1.759721
-0.881418
-2.154415
-0.306524
0.065553
0.114220
-1.761614
-1.338025
0.462076
-2.484068
2.407688
2.130381
0.562920
1.005871
0.808581
1.124120
0.554138
-0.569940
2.909344
0.503010
-2.226977
2.226544
-1.540084
-0.641477
2.116513
-1.926534
-1.239163
-1.391945
-0.298095
-2.360211
2.015188
-1.385570
-0.727024
-0.932803
-1.035233
-3.173968
0.616342
-1.944518
-1.280674
-0.326686
0.860233
0.039002
-0.549464
-3.392779
-0.955144
-1.174158
0.043107
-1.296171
-1.133821
-0.246535
0.947612
-2.907078
-3.053854
2.734425
1.048020
-1.175702
-2.175540
-2.091645
-2.239128
0.513947
0.642597
-1.635254
0.457178
3.581763
-1.933998
-0.603069
-0.393257
-0.696217
-2.016957
-0.521106
0.722843
1.061556
1.789857
-0.465417
-0.602481
-1.686725
-0.254938
-0.615144
-2.491761
-1.590775
0.156368
-1.026193
0.324137
3.166193
-2.052629
-2.850365
2.482139
0.123686
0.881136
-0.514621
-1.428141
-1.339053
-2.049134
1.120764
-0.928417
1.035253
-1.049951
-1.478976
1.995858
-0.480895
-3.977767
-0.605479
-3.458369
-2.118825
-0.002830
0.223111
0.216379
-1.314860
-0.634514
1.304450
-2.384506
1.599342
0.247136
-0.849667
-2.032868
2.083182
-1.542820
-3.067375
2.731190
-1.380647
-0.434696
-1.309638
-3.355414
-3.143712
0.413475
-0.307221
1.199885
0.569401
-0.482547
-0.127658
-3.352249
-1.288629
1.579786
-2.256499
-0.199743
-2.351929
-2.653668
0.288227
-1.611828
-0.633784
-1.687934
-0.374989
-1.600799
-0.591529
1.958957
-0.200365
-0.846326
-1.679646
1.919480
-1.844898
-2.039303
-0.864820
-2.506656
0.059683
0.980468
0.509069
-0.185510
-1.070272
-2.275566
-2.309665
-1.785569
1.119477
-2.637658
-0.060506
0.991658
0.076465
-0.785591
-0.249702
-1.706638
-1.223028
-0.313720
0.252723
-0.785572
-3.347114
2.452440
-0.140461
-1.043226
-1.239139
1.808105
-3.298271
0.276001
3.449923
3.194258
-0.284257
0.019690
-0.990285
-1.670346
-2.466244
4.179894
-0.110612
-0.473292
-1.560104
2.023976
2.936131
-2.893134
-1.861088
-0.371411
0.546336
-0.945602
-2.079633
2.613826
0.671768
-2.694836
-2.156718
-0.495821
-0.681341
-1.363514
-1.349324
0.617561
-3.051847
0.961891
0.576521
1.479421
-2.491939
-0.262983
-0.521507
-2.161581
-0.397807
-0.340861
-2.480030
-3.122025
-0.868313
1.416624
1.451057
1.288394
-0.112562
1.366150
0.668967
-3.011608
-0.617749
-1.903217
1.790700
-1.099787
-0.149725
-2.477139
-0.740613
3.220519
-0.139410
-1.189808
2.049644
-0.915326
0.505840
1.333366
0.401959
-1.050013
1.832885
-0.167267
-3.811549
-0.247264
0.066795
-0.578747
-2.879657
-0.287471
-0.989826
0.737135
-2.580661
-2.156404
-1.261409
-0.357688
1.541133
-0.681617
-0.686663
-0.256857
-4.335520
-1.664672
-1.853343
-1.943499
-0.992633
0.030727
-1.728816
-1.055778
-0.654625
-1.747406
-3.670602
0.211790
0.897800
-1.231359
-2.039822
-2.136312
-0.674835
-1.139626
-4.097082
0.023142
-2.450058
1.132276
1.694232
-3.364843
-0.726382
-2.429619
-1.070051
-0.618828
1.290057
-1.485947
0.311173
1.154173
0.723344
-1.728970
-0.185345
-2.202272
-0.861245
-1.645056
0.225497
-1.203129
0.741485
0.157488
0.109599
-1.406054
-0.506557
-0.868420
-0.110952
-1.026130
0.529165
-1.095541
-2.800943
1.418059
-0.644854
-2.653780
-3.396990
-1.331229
-1.615112
-2.169283
-2.396914
-2.574203
-1.849136
-0.596549
1.858732
-0.897954
1.076752
-2.163780
0.452781
0.428703
0.065398
-1.284550
1.359390
-0.943451
-0.880617
-0.508126
2.284594
-2.109946
-2.222427
-0.693285
-0.043660
-3.072151
-0.345872
-1.189522
-1.040443
-1.270728
-0.522728
2.928773
-0.191340
-0.642915
-2.310737
-0.206533
-3.650440
0.926795
0.231793
-3.855590
-0.668543
-0.090007
-1.515177
-1.974486
0.711373
0.456645
-0.896134
-0.230597
3.687500
0.359678
-1.947120
-1.085147
-0.372686
-0.484825
-0.073009
-0.653435
-0.247229
-3.373378
-1.721222
-1.463415
-0.217766
-1.314740
2.497354
0.984005
-0.632151
-2.277995
-1.116180
-3.690419
-0.957095
2.905531
-2.958009
-3.369589
0.763379
-0.554486
-3.451441
-1.904245
-2.326389
-4.009480
1.496363
-1.068643
-1.844520
-1.536501
-0.149651
1.693049
-0.894444
0.568256
-0.363150
-0.653389
-1.011208
-1.463883
1.724111
0.135439
1.547677
1.045937
1.237061
0.543165
0.182759
0.466531
0.507202
-0.089479
-0.397749
0.748268
-0.307728
-0.386532
-0.199766
1.353680
0.232000
0.222806
-0.708583
-1.395234
-0.717287
2.010773
-2.427498
0.099744
-2.642688
-1.985534
-1.955046
0.473306
1.712017
1.865882
1.946955
-1.025743
-2.843031
-0.681079
2.634249
1.085134
-2.829191
-2.485019
-0.733880
-1.434599
0.013566
-1.658810
-1.814703
0.821582
-0.523553
1.168870
1.458670
-1.096844
-1.741962
0.583775
0.593044
-0.659602
0.553479
0.295314
-3.126605
-0.091925
0.857984
0.665421
0.652480
-2.461720
1.520049
-1.873415
-2.936363
-0.111622
-0.187460
0.738331
-0.243754
-0.561739
-0.307667
-1.260039
-0.274563
0.381805
-0.360718
1.630585
-1.428417
-0.597203
1.420181
-2.929397
-1.261620
0.786734
0.100421
-2.567935
-0.345754
-5.047593
-4.011612
0.367575
-3.237476
-1.018562
-1.005892
0.545882
-1.641990
1.420006
0.024494
-2.039517
0.176456
0.380479
-1.158953
-1.257120
-0.930320
0.301822
0.129425
0.369201
-1.641926
-2.051516
-0.674047
1.871097
-1.271903
0.787626
1.142550
-0.908510
0.103790
0.670912
-0.258441
-0.588830
-1.613680
-0.480171
-1.677292
0.672460
-1.504814
-1.578919
-0.795220
0.047815
2.520491
-0.048757
-0.712025
0.730795
-1.215063
-0.503766
-0.838002
0.079593
1.576044
-0.557977
-3.203215
-3.543018
0.227674
-2.407682
0.788067
0.554716
-1.201588
0.427188
-1.075201
-1.993213
0.833078
-1.492681
0.775239
-0.106898
-0.824023
-1.738115
-0.995039
-2.908397
0.461748
1.269647
-2.382900
-1.476025
1.107605
-0.601175
2.334829
-1.989697
1.149505
-0.671079
1.979227
1.378913
-1.572123
-2.122943
-0.832819
-1.747067
-1.489931
1.323976
-0.826678
1.310937
-0.362826
0.259875
-1.100234
-1.197693
1.092669
1.483912
0.013669
-1.428200
-1.455295
0.620804
-0.797616
-1.164192
0.160512
-0.627523
-0.295977
1.390427
-1.095520
-1.036073
-0.104826
0.559697
-3.635446
0.451982
-1.579148
-0.496341
-2.538853
-1.194590
1.546042
0.244365
0.531030
-2.774086
-0.029469
-0.851714
-1.175094
0.354520
-2.028796
-2.065612
-0.369289
1.777827
-0.839922
-2.637839
-0.555155
0.906735
-1.297508
-2.636311
-1.255537
1.021968
-0.369464
-0.873261
-1.552592
-2.955945
-0.899358
-0.174962
-0.657911
-3.115718
-0.731164
-0.737105
-0.443696
-2.865962
-1.899287
3.392823
-0.759054
2.051512
1.655324
1.288545
-1.145905
-0.315248
-2.061298
0.365859
-1.761170
0.393875
0.426030
-0.489651
-0.695284
-1.482337
-0.708033
0.214331
-0.323389
-2.330165
0.745505
-0.480863
-0.040218
-2.753384
-2.327511
-0.584625
1.098649
0.394948
-2.338167
-3.161230
0.523735
-0.448172
0.266412
1.889588
-0.915957
-0.316412
-2.082746
-1.461606
0.156452
-0.524970
-2.666070
-3.472779
3.011974
-4.981076
-1.040188
0.790712
-0.800876
0.853807
-0.741675
-1.116920
-0.614711
0.706629
0.756611
0.473614
1.021393
0.497279
-4.328575
-3.562948
-4.445608
-1.754404
-2.174101
0.187045
0.444603
0.596496
-0.579130
-0.949309
2.098391
0.214772
-1.183511
-3.543815
-1.276912
-0.243702
-0.911831
0.350131
-0.374895
-0.406615
0.056085
2.759016
1.428048
-0.165753
2.605942
1.541526
0.292320
-1.198894
-1.069158
-0.433483
-2.879004
1.652207
-4.406370
1.842262
-0.138681
-1.770894
-0.832119
-1.029771
-2.563624
-1.071627
-1.230861
0.421266
-3.155500
-2.401528
0.083069
-1.279835
-2.340307
-0.387614
-1.669775
-2.690704
-1.683361
-0.818569
-2.413325
-1.004454
-1.964865
0.777403
-0.446965
1.315344
-0.649172
-2.902926
-0.258614
2.100589
-1.029052
0.738875
2.036412
1.485791
-2.532364
-0.722200
-0.333613
-1.505103
-0.079932
1.165752
-1.142315
-0.081213
1.271436
-0.127507
-1.046816
2.433042
0.449766
0.065863
-1.385231
-0.489132
-3.284208
1.027895
-0.963227
3.179238
-1.012412
-0.917762
-0.869820
1.444142
-1.662333
-0.433189
2.582823
1.176769
0.762620
0.873858
0.495020
-0.968247
-3.331689
-2.793322
0.561448
-1.471858
-0.367669
1.335210
-1.291626
1.408116
-5.072248
2.126744
-0.350973
-0.290903
-0.084283
0.158994
-3.942964
-1.911348
-2.193715
-1.552849
0.279116
-2.843631
-0.926703
-0.368422
-0.135569
-2.251749
-1.988159
-0.281289
-1.376326
-2.418401
-2.049544
-0.569631
-0.811753
-3.095631
1.233223
0.212954
-1.283929
0.930227
-1.553170
1.262936
-0.945263
-1.892430
-0.605911
-1.146922
-1.173236
-0.968483
-1.667882
-3.395445
0.045303
-1.036781
-2.930392
1.299976
2.513275
-0.324925
-1.675146
-0.969145
-1.455398
2.362183
-0.248661
-0.753037
-0.697165
0.670063
-1.732952
-0.234783
-3.498847
1.592258
-2.278011
0.935161
1.441858
0.631754
-1.824377
0.405195
-1.652368
-0.523473
2.309906
-1.329189
-1.303539
-0.373107
-3.481082
-1.243851
1.747762
1.517428
-0.221753
-0.570733
-0.739667
0.995296
-0.999021
0.283721
-0.436873
0.262411
-1.717579
1.176794
-1.517458
1.934800
0.095863
-0.748089
-0.820445
-2.835827
0.359752
1.095698
-1.254791
-1.598186
1.356485
-1.005861
-1.575668
0.608769
-0.147952
-2.909051
-2.378712
-1.440992
-1.171350
0.174927
0.113384
-0.250320
2.584343
-0.747664
-0.516169
-1.684257
-2.469483
-1.506370
-0.591815
0.538337
1.992532
-1.072930
-1.525555
1.649531
-1.525180
-2.296480
-1.843089
-0.898533
1.764616
-3.668656
-0.789538
2.103347
-0.692041
0.127652
0.753745
-1.853704
1.146829
-0.369394
-1.498027
-0.570685
-1.823293
-2.888097
-1.000729
0.189496
-1.879033
-0.879790
-0.655435
-1.305596
0.364641
0.838580
-2.617739
-0.356525
-1.155344
0.980083
-0.817090
-0.661255
0.312668
0.820071
-1.831832
-0.276775
-1.321017
1.271944
-0.790772
-0.398713
-1.584714
0.499371
-1.363559
0.764776
-0.585204
-0.100944
1.762406
-1.168090
2.589785
-0.975073
-2.257685
0.539885
0.649531
-1.039841
-0.531301
-1.373471
0.952769
-1.072820
-0.776951
0.968637
-1.289056
-0.416770
1.450328
-0.555174
-1.106059
-1.128699
-2.493581
-0.004046
1.128088
-1.452044
0.014363
-1.012655
1.419768
-0.335032
-2.663830
0.427922
-1.009821
0.820158
-2.462992
-2.706579
0.414491
-0.891346
-0.843840
1.788925
-1.562126
-1.983800
-2.665709
-0.264781
0.266336
-1.248814
0.053747
-1.868642
-1.617381
1.099702
0.186261
-0.502030
-2.212071
0.200858
0.293141
-3.598999
-0.794257
-0.031503
-2.097844
-0.250107
-0.252203
-0.907582
-3.871943
-1.738057
-0.283716
-1.122035
0.624750
-1.014033
-3.947835
0.062172
-1.682531
0.403827
2.083638
-0.341447
0.325042
-2.806255
-2.635064
0.147209
-0.329157
-1.818370
-0.349407
-3.768181
4.567619
0.912991
0.481525
-1.019329
-0.810469
-1.269887
-0.249303
-3.054522
-0.839553
-0.950349
-0.559021
-1.200514
-1.156150
-2.234514
0.486165
1.009130
0.202801
-3.068632
0.845666
0.921959
-0.080485
-1.521970
-1.999138
-2.095255
-2.106371
0.932590
-1.533084
-0.483629
0.598226
-1.367085
-0.321819
0.933008
0.053167
-1.356866
-2.230728
-2.337592
-0.680749
-1.825819
0.950671
-0.732774
-1.253417
0.288899
2.037053
-2.465225
-0.463365
-0.210580
-0.658112
-0.388360
-0.205809
2.081118
-1.159688
-1.065627
-3.357684
-0.838568
-0.420081
-3.374274
1.071302
-2.051988
-1.664264
-1.091083
0.458423
0.383247
-0.623458
-0.930521
-4.107267
-2.354506
1.306193
-0.623191
-1.578868
1.387009
-0.771885
0.142608
1.658600
-4.057708
2.320353
-0.993451
-0.431067
3.409419
-0.119390
1.204954
-0.206525
-1.281236
-2.093169
-0.589146
-2.452604
-3.127364
-0.441572
0.272788
1.057139
3.126043
-0.252175
0.410862
0.017574
1.043594
0.182087
-0.046062
3.320270
1.522816
2.248281
-0.135545
-0.732059
-2.427679
0.297581
-2.612493
-1.151771
-2.092133
0.163849
-0.190758
0.354504
0.359614
-0.935232
-0.948300
-0.472588
-2.247706
0.324755
-3.108323
0.176010
0.733507
-1.830739
-2.528739
-0.666440
-3.769997
-1.454036
2.051404
-1.139476
-4.638345
-0.061157
-2.066457
-0.828107
-2.666193
-0.669172
-1.007063
-1.982864
0.504264
-0.453419
-1.453801
-0.506815
0.524730
0.115198
-0.804163
-1.274595
-0.698171
-1.636461
0.134624
1.669382
-0.799109
-1.852315
-0.258039
-3.000278
-2.366616
-0.593107
-0.359250
2.399605
-2.407804
-0.739982
0.662065
-1.321783
-1.559654
-0.249684
-1.142559
-0.330009
-2.103076
-2.206091
-3.243063
0.431325
0.273206
-4.281301
-3.149885
-0.768471
1.664836
-0.854700
-3.213312
0.128715
-0.409421
-1.037469
0.232837
-2.276829
-0.651497
0.868845
0.828693
-2.113614
0.875836
1.077029
2.579399
1.295723
-1.126866
-0.637250
-1.953067
0.794041
0.947400
-0.970240
-0.449241
0.542404
-1.289402
-0.061292
0.693190
-4.131698
2.747838
-3.949785
-0.276579
-1.027259
-0.767053
1.453721
0.852872
0.587724
-1.681401
1.529686
3.215757
1.355989
-1.799663
-0.739258
-2.061230
1.312198
-1.305010
0.011407
-0.414693
-1.284872
-0.049223
-0.665702
-3.433277
-0.093216
0.409755
2.978264
2.528748
0.264758
-1.882612
1.278118
-2.526455
-0.960938
0.826838
0.133385
0.217464
0.780106
1.214970
-2.171191
1.593446
-0.330677
2.893656
-0.706193
1.358868
-0.742389
-1.997552
0.438164
-0.441923
0.833200
-0.143830
1.395129
2.540450
-0.125781
0.263377
-3.213735
-0.900536
0.159754
1.681153
-1.623482
-0.359148
0.098970
0.253804
-2.040953
-0.732399
-0.900240
-2.383597
-1.672258
-1.987438
-1.146544
-1.877975
-3.930521
0.739014
-0.056095
-2.503057
-2.292825
1.145038
-1.943806
-1.801175
0.968373
0.335876
-1.912855
1.935795
1.831966
-0.769984
-0.749132
1.114593
1.984644
-2.030375
-1.520459
-0.386727
-0.187097
-1.878154
-0.988933
3.220860
-1.219812
-0.802233
-4.648880
-1.766178
-0.341497
-1.019768
0.404543
-0.035630
-0.277874
-3.435030
1.315774
-0.867839
-2.518120
-1.139286
1.705393
0.310078
0.826203
-1.474885
0.874400
-0.908983
-0.911510
-0.865168
1.511563
0.577798
0.838924
-1.792444
-2.047201
-1.893859
-1.793176
-1.295461
-3.893666
-3.133241
-0.026253
0.606529
-0.612737
1.452377
-2.554199
1.396066
-1.488122
-1.415110
-1.952253
1.278690
1.642817
-1.215326
-3.438593
-1.770361
-0.567262
1.630481
-0.075104
1.208224
0.040424
1.567499
-3.165096
-0.349388
3.658678
1.527992
-0.865316
-2.714822
-2.502455
-0.701624
-0.763633
-0.601414
2.459233
-2.199675
0.172148
1.792405
2.746096
-0.112652
-0.771912
-2.442840
-2.326081
-3.545814
-1.030446
-2.038354
-2.268269
-3.207351
0.015491
-1.943073
-0.446689
-2.694164
-0.226215
0.087572
0.383210
-1.290122
-1.929103
0.964564
-3.605070
2.635386
-0.858820
1.432418
-3.450090
-3.243165
-2.541513
-1.272893
-2.601590
-1.356146
-0.878519
0.529712
2.304190
-0.127505
0.604593
0.403235
2.045856
-2.075786
0.936812
0.907887
-0.515823
0.075975
-0.529011
-0.040718
0.116093
2.197512
0.916151
-0.253167
-1.430111
0.891541
0.480274
1.768664
-1.804045
-0.194629
-1.116030
0.336752
-2.983047
0.255762
-0.611605
-2.495191
-2.076153
-2.433080
-1.709176
-0.487947
-2.140032
-2.234015
1.188225
-1.281967
2.048386
1.888097
-2.128562
-1.675872
-2.537210
-1.750434
0.180709
1.367251
2.280353
-0.750628
-0.197371
-1.111683
-0.970845
-1.762619
-2.019155
-1.140013
-0.585919
-0.539985
-4.114152
1.254963
-0.322694
-1.251842
-0.432606
-2.105021
-1.897766
-2.411648
-0.328874
-1.754746
1.552063
0.792352
-1.052189
-2.527163
-1.009332
-0.749848
-0.108038
-0.267584
0.703681
-1.008554
-2.150354
1.578818
-1.920619
-0.499480
2.605595
-0.067220
-1.534088
0.370064
-0.322896
-0.105119
-0.290745
-3.596035
-1.631827
0.237657
-0.672292
0.137306
0.284118
-0.820278
0.351485
-1.873856
-0.756322
-1.479470
-5.318148
-1.925606
-1.064533
-0.741138
-1.060673
-1.294352
-0.342594
-1.503913
0.441149
-2.526500
-2.202540
-1.832807
-0.428967
-2.386583
-0.290391
-0.469614
-1.739489
-1.299354
-0.274754
0.172685
-1.434041
3.618785
-0.141337
0.792508
-2.556788
-1.144653
-0.701752
-1.684216
0.822643
0.488286
0.696486
-1.907646
-0.552807
-0.296840
-3.156060
-2.209987
-1.361107
-0.635800
-2.540986
-0.047231
1.210224
1.195726
0.898360
0.175863
1.671561
-0.277197
-2.816594
-0.884420
-1.396659
0.715161
1.473948
-0.355385
-4.840456
-1.130312
0.228420
0.180389
-0.535564
-4.450461
-0.805519
0.305498
-0.579733
4.866087
0.303870
-1.251607
1.067204
-1.572955
-0.894002
0.610769
-1.827687
0.620818
0.451918
-1.389710
-0.137706
-2.107813
0.879024
-0.825998
-2.853478
0.126865
-0.772841
1.349971
0.071091
0.212373
-2.412294
-0.047147
0.611726
0.937001
-1.555972
-1.107486
1.329363
-2.244731
-1.515851
-0.463736
0.251741
-0.024169
-1.762748
-2.746000
1.485943
1.854080
-0.991869
-0.015885
2.143956
-2.031144
-2.442111
2.000158
-0.801574
-1.938042
-1.806119
-2.120759
-2.875969
-0.607155
0.220678
-3.138000
-1.322175
1.198705
-1.979748
-0.797664
-1.824735
-1.984692
-2.046834
-0.095378
-0.039599
-0.929969
-0.970407
-1.072299
1.615256
-1.269494
0.104719
0.092626
1.013484
-2.633708
-0.829674
-0.120337
0.526075
1.480263
-0.619752
1.233138
-1.928459
-1.090070
1.786747
-2.203706
-3.601135
0.013366
2.067140
0.398210
-0.279411
-1.963743
1.021852
-1.813437
0.161017
0.354049
-2.998540
1.701260
-2.978245
2.355161
-0.407640
-1.918228
-1.890024
-1.763753
-5.507226
2.192510
-1.290295
0.818840
-0.781146
-0.492352
-2.186943
-0.465623
-1.300505
-1.676803
-0.786570
-2.549852
0.828738
-0.770030
-1.869505
-2.444809
1.934832
-1.289238
0.086249
-0.311425
-1.021759
-0.114858
-0.160145
-2.057262
-2.938002
-1.423253
-2.945941
0.776980
-0.069710
0.458686
-0.559034
-1.131543
1.263664
1.807592
-1.403228
-2.459796
2.302970
-0.230780
-0.460779
-2.167613
-4.279764
-0.007970
-0.886219
-0.672928
-0.931394
0.134447
-1.948390
0.858020
0.612127
0.832561
2.233263
-0.116911
-1.069953
-1.612833
1.626117
2.910245
0.254989
0.370721
-1.321946
1.643128
0.161710
-0.659004
1.547649
-3.384115
-0.106536
-2.250198
0.699230
-2.153529
3.122056
-0.568407
-1.241198
-4.389843
-0.431592
-0.900886
0.618600
-1.480020
0.151547
1.542577
-1.637722
-0.935072
1.514296
-0.127366
-0.323012
-0.232318
-3.437692
0.614800
-2.251970
-0.577699
-0.407331
2.968355
0.225228
-1.872904
0.456580
-1.184238
-1.490195
-0.002969
0.018209
0.955803
0.602931
0.096434
1.848182
2.395160
1.375948
2.300377
-0.353727
-2.514040
0.073353
-1.831490
-3.310816
-1.442101
0.342544
0.718953
1.029677
0.805470
-1.002061
-1.335849
0.834392
0.538923
-0.492701
-3.246541
1.182980
-1.335608
-2.053692
-0.196621
3.414217
0.252923
0.791964
0.366293
-0.125854
-0.331807
0.103354
-2.584841
-1.005129
0.220366
-1.124514
-1.483257
0.966484
-0.598146
-0.213768
-1.259581
0.156188
-1.454414
-0.879664
-1.509539
2.292026
-1.399788
-0.873143
-1.275425
1.296885
-0.130668
-1.345220
-1.789752
-1.680610
-1.344997
-0.390182
2.549284
-3.105529
-0.301876
0.738320
-2.145965
-0.435236
-3.412609
1.682289
0.010889
-2.460308
0.214577
0.251422
1.631614
0.893125
-2.346207
-1.242673
-2.718821
0.650642
-2.184886
-0.202506
-0.619337
0.213158
-0.760141
-2.838279
-0.367497
-3.077751
-2.101491
1.927301
-1.510633
-1.195601
-1.933713
-1.973971
-0.287243
-2.029169
1.121934
0.928815
-1.254620
-0.832485
0.504616
0.942364
-1.337401
-1.245907
-0.006953
-1.520684
-1.016440
-1.683554
0.517509
0.840770
-1.731367
0.851109
-0.331409
1.540248
-0.579339
-0.133863
-0.403982
-0.420258
0.798097
-2.200011
-1.950846
1.184541
1.870964
0.288988
-1.249005
1.605313
0.312094
-1.258490
-0.948307
0.891797
0.481936
1.025000
0.537636
0.918475
1.525457
0.166077
-0.180212
-2.055625
-0.748960
-2.774449
0.751136
0.000900
-0.445658
-1.493610
-1.190219
-0.257126
0.776012
0.626324
-1.189589
-1.432327
-1.904062
-0.692583
-2.043187
-1.158711
-0.433797
0.116786
-1.405547
0.202949
0.786726
-2.214370
-1.833899
0.124627
-1.148075
-0.512424
-2.125519
1.900615
-0.244114
-0.465428
-0.167244
-1.056275
-3.867869
-0.991167
0.593768
-0.593973
0.840606
-2.175450
-1.564518
-1.296514
0.208094
-1.177150
1.325216
-0.349354
-0.347717
-1.323386
-1.450245
-1.916008
-1.737558
-0.364087
-1.015348
-2.874789
1.544758
-1.434302
-2.106512
-2.164063
-1.651919
-0.357649
-0.140207
-2.188099
0.568311
-0.925452
-1.613137
0.288343
-0.286238
-2.322619
0.260374
1.912840
0.470182
1.620075
2.043199
-2.606503
0.649597
-1.892758
-1.469601
0.361712
-1.630909
-3.462229
0.529738
-0.589369
-3.050733
0.028828
-3.649684
0.880382
-1.353068
0.463293
-0.109688
1.495826
-1.152604
-1.914175
1.084340
-1.536980
2.069080
-0.580759
-1.150678
0.539213
-1.656251
0.129542
-0.459213
0.115854
0.918285
-2.666016
-2.975045
0.341414
0.498723
-0.474154
1.900563
-2.214313
1.071000
-0.695561
-3.211835
1.406992
1.645192
-1.835307
1.173103
2.495989
-1.829746
-0.503015
-1.173023
-0.048820
0.199244
-2.016436
-1.930945
0.977953
1.444433
-2.125469
-4.109961
-0.842943
0.564753
-0.913159
-1.452339
-2.718623
1.077457
-0.905526
-0.084646
-1.284411
0.935579
-0.444733
1.869910
-0.783536
-0.382667
-2.354662
-0.285130
1.103405
-0.397123
0.629804
-1.975132
1.967333
-2.994086
-0.600969
0.183263
0.659872
-0.658415
-1.018287
-0.259295
-3.588897
-1.991107
-1.030326
1.232892
0.325498
0.060478
-1.176254
0.753603
-1.420992
-2.230175
-2.128575
2.648097
-0.442274
-2.737473
1.434027
1.898341
0.212344
0.097711
0.469274
0.066765
1.647937
-1.734802
0.557608
-1.440230
-0.883920
-0.238071
2.592477
1.586585
1.538402
-0.672388
-1.311038
2.316577
-0.688924
-3.078213
1.992436
-1.259333
-0.368822
-0.098096
-1.844193
-2.206053
-1.407061
-1.179771
-3.288824
-0.255091
-1.397675
-2.677276
-2.921034
-1.335704
-1.379268
-0.048279
-0.368686
0.475242
-4.124135
-0.903181
-0.523143
2.883806
-0.223822
1.633721
-3.129223
-0.612204
0.224937
-1.222336
-1.658033
-1.348211
0.843437
-2.880008
-2.418862
-0.609893
2.051426
1.449134
-2.805620
2.694356
-2.658342
-1.438854
0.675603
1.235939
1.022058
0.322749
0.291382
-1.935546
-0.365317
0.570400
-0.463309
-0.354284
-0.859625
-0.712377
-2.515941
-1.985039
0.055759
-2.279467
0.236146
0.837277
-1.480024
-2.159743
-2.082397
-2.415697
-2.423083
0.977085
-0.042312
-1.758533
-2.198193
-1.549735
-0.101376
0.247996
-1.029512
-1.138848
-2.184223
-1.396233
0.880046
-3.308209
0.827243
-2.680208
-2.364454
1.898226
-0.268399
4.087993
-1.477461
0.464122
1.129717
-4.534410
-0.843047
-1.219543
-0.189260
-0.978338
-1.229489
-0.552618
1.210130
-0.871111
0.552858
-2.208609
-0.739600
-1.117864
-1.574884
-2.785038
0.965995
-1.576574
-0.721625
-1.639842
-1.592276
-3.050501
-0.901013
0.026794
-0.309941
-3.077013
-1.497635
-0.647449
-0.089949
-1.412387
0.402027
-0.354263
-1.109883
-2.260210
1.263741
-1.472233
-2.629405
-0.870865
-0.534985
0.254354
-1.773150
2.591418
-0.375221
3.695196
-2.749696
0.292616
0.753554
2.913155
-2.393335
1.677078
0.553659
2.442880
-0.606512
0.659760
-0.984770
-0.341389
-0.738555
-1.164128
-3.435659
0.012244
-0.197246
0.942107
-1.240410
0.718275
2.132978
-0.812846
-0.791861
-0.768956
-0.411874
1.764470
-2.795605
0.281042
-1.415714
-0.858879
-1.189270
2.450673
-0.787712
1.428828
-1.160115
-1.603592
0.090537
-1.294260
-0.864143
0.389351
-0.261724
-1.328936
1.899948
-0.127148
-0.523536
-0.406854
-2.271045
-1.348645
0.326633
0.348487
-1.412780
-0.452415
-1.205936
-2.358176
-1.618947
-4.287719
0.963575
-0.236072
-0.017928
-0.227592
0.800955
-0.251993
-2.168950
0.170389
-0.275727
0.672735
-1.024228
-0.192320
-1.555123
1.231051
1.985660
-0.432538
-1.688970
0.116131
-1.381264
-3.265764
-1.138103
0.135007
-1.249071
2.969131
0.189705
3.196767
-0.004088
-1.067780
0.110094
-0.978630
-2.349758
-1.378795
-1.329113
0.221630
-0.333110
-1.478492
0.394659
1.273291
0.468344
2.375111
0.451540
-0.627205
-0.006405
-2.023046
2.149167
-0.575866
1.000768
-0.136155
1.031748
-2.310690
-2.737980
-1.239654
-0.883069
-0.779267
2.567914
-1.907737
-0.973079
-2.366381
0.136743
1.260237
-0.191598
-1.709545
-1.032711
1.541020
-2.489369
0.237639
-0.136871
-1.778502
-0.269450
-1.737543
-3.164103
-0.304719
0.900244
1.148495
0.995201
-0.957733
-3.556914
-0.109856
0.714922
-1.152736
0.662764
-2.559199
2.191546
-2.733942
