-1.909662
-2.089907
-0.281196
-2.866026
1.191439
-1.595865
0.876123
-2.364918
0.515402
-0.612492
-1.960783
-0.491717
-1.688014
1.465350
-0.167103
-1.625964
0.393985
-0.163909
-0.675886
-3.255201
0.994075
0.481977
-0.818144
1.548190
-2.772929
-0.697261
-0.335467
0.547863
-0.490104
-2.244157
0.826692
0.570215
-0.468559
-3.089578
1.525727
0.951803
-1.417433
-2.724886
0.256962
-0.628999
0.589290
-1.460191
0.728114
-1.190329
-0.818890
-0.764651
-0.448091
-1.880698
-1.283112
-0.967458
0.793034
-1.774664
2.166897
-0.561293
-1.512164
3.945400
0.323263
-1.999372
-1.380238
-3.340991
0.507048
-1.777571
0.151212
0.232247
-1.879991
0.195052
-0.924340
0.689380
2.266325
0.790860
1.616294
-1.234336
0.475049
-1.028131
-0.092540
-0.216557
-1.253219
-1.138619
0.433081
1.559560
-1.892861
-0.842644
2.889334
0.857745
-0.440918
0.990113
-2.019560
-1.683945
0.971265
-4.267976
-0.360247
-2.090688
-4.082444
0.162938
-1.187133
0.646156
2.193641
0.549405
-2.230631
-0.802669
1.764519
-0.845172
-1.294457
-1.215047
-2.017053
-0.820846
-2.649539
-2.145534
2.250867
0.046617
0.236504
0.325204
1.233522
-1.726853
-0.145805
-1.088589
-1.819464
-0.565633
1.295774
-1.383786
-0.448355
-0.249236
1.761019
-1.576042
-1.365830
0.522499
0.158144
0.483540
-0.664316
-1.719006
-0.915831
-0.725874
-1.476548
-2.179644
1.368009
-0.362244
2.669594
3.016584
-0.824546
-2.780422
2.084305
-1.840360
1.499280
-2.878265
0.812673
-2.204262
-1.355082
-0.955240
0.895642
1.426077
-0.905347
0.151664
-2.749810
2.106109
0.163471
0.130068
0.351818
-1.343967
-2.761272
-0.601032
-1.435804
-3.239069
-3.464848
-2.003541
1.089857
-3.378675
-1.635143
-1.896634
0.825598
1.527708
-5.104096
-0.150836
-1.780058
-1.346763
1.081263
-1.319075
0.138585
1.444307
-2.131738
0.849583
0.555524
-1.569695
-0.641666
0.468109
-0.848205
-0.627713
1.422570
-2.241773
-0.475039
-0.883334
0.238199
-1.097027
0.190811
0.981870
0.675244
0.304318
0.270674
-1.211472
-1.389727
-0.265035
0.301995
0.472954
0.922180
-0.404086
-0.273994
-1.245311
-1.001866
-0.006316
-0.476467
-2.684504
-1.559995
-0.024226
1.135795
1.191639
0.599203
1.249526
-2.496426
-0.451687
-0.369912
0.504734
-0.237385
-1.213397
1.568622
1.825779
1.112974
-0.242022
-2.140457
0.820189
-0.963454
1.089613
0.872210
0.824549
-1.131783
-1.339110
0.649272
1.518908
-0.874837
2.866382
-1.604594
0.269110
0.234838
-0.608678
-1.323144
-0.698554
-2.728584
2.817682
0.960222
-0.234744
1.525216
0.168535
0.206644
-1.274494
0.646880
-1.662736
-3.147316
-1.970134
0.884130
-1.790548
-0.358311
1.934679
-2.304525
-1.344115
-3.433096
0.992125
-0.186188
-1.695421
-1.589437
1.311582
-3.166013
1.220308
-1.755474
-2.926773
0.583881
1.772411
-0.772132
-2.275328
0.255009
0.617256
-1.547037
0.748739
-0.722432
1.354818
0.242288
1.188590
-1.838873
-0.216849
-1.134977
-1.805339
-0.154785
-0.153335
-1.147849
1.320507
-2.436095
-2.745113
2.508215
-2.075137
3.504435
0.855446
0.123907
-0.582606
-1.086635
-1.099163
-1.207583
-1.806227
0.932634
-1.765287
2.170864
-0.226065
1.315543
-1.997672
-0.437587
-1.465403
0.579370
0.476614
-1.096843
1.200657
-0.764706
0.274520
0.108735
-2.888303
-1.245656
-1.754004
-0.219865
-0.398042
-2.704013
-1.569422
-2.124879
0.740859
-0.761316
-0.289557
-0.551398
0.013621
0.831158
0.392714
0.044686
-0.400542
-2.357390
-0.279369
2.414933
-1.157717
0.538781
0.600382
-1.160851
1.313880
0.312832
-0.069819
-1.495827
0.427601
-1.267047
-2.387217
1.755235
-0.192670
0.536586
-0.027212
-0.490658
0.376658
1.780835
-1.099599
0.647480
0.018264
-1.368384
-1.422776
1.016095
-2.118088
1.910034
1.670593
3.097898
-1.329715
-2.185448
-1.871429
-0.140394
-0.247701
-1.743758
-0.066049
-3.371388
-1.673521
-0.763808
-1.509413
-2.527900
-1.048270
1.583414
-1.518477
0.961165
0.351008
0.091549
1.040543
-1.661542
0.597817
0.901474
-0.106712
-1.898479
-1.952408
-0.890293
0.869469
0.055101
0.799686
-0.559409
-1.099083
-1.102213
2.537465
1.637564
-0.564038
0.087183
-1.519415
-0.497486
-2.472470
1.368384
-3.545439
0.374338
-1.043156
-2.113971
-2.688700
0.046636
2.026010
-0.588145
-0.538522
-2.873038
-0.650180
1.378744
-1.113744
-0.483228
-2.367364
0.365422
1.892602
-0.903698
1.108488
0.057769
1.993912
0.125260
0.119401
1.258032
0.159511
-4.095241
-2.088320
-0.616393
1.585447
3.752126
0.049030
-1.220210
-0.935788
-0.369825
-0.653613
1.789385
-2.103992
-0.286000
-0.087339
0.951477
-0.848434
-2.042106
-0.371095
1.935671
-0.811979
-0.721300
0.194146
-0.177087
0.291617
0.527394
0.050006
-2.312409
-0.859753
0.792029
-0.816557
1.335557
-1.880950
-0.705116
-0.167720
-0.709079
-0.832461
-2.642231
0.860089
-0.629216
-0.312597
-0.803382
2.580591
-0.342926
2.835817
-0.678523
-2.728973
-0.973097
1.178807
-4.643900
-1.102537
0.005681
-0.944735
2.408993
-0.856582
-2.018778
-0.549821
2.097085
-1.211772
0.615242
-1.718129
-2.140460
2.887009
-0.580311
-1.495176
0.005504
-1.837712
1.627376
-2.159644
-1.718836
-1.425026
0.187155
-1.915132
1.286318
-0.630576
-0.821974
-0.343935
2.604051
-0.072266
-4.117531
1.446433
-1.706471
-2.127580
-0.438549
-0.277032
-1.997665
-0.291772
-1.753021
0.045776
-1.607785
-0.306064
-2.034412
-0.551028
-0.105578
-0.266147
-0.132713
0.232657
-0.016785
-2.930804
-2.615541
4.716755
-2.102318
-1.906262
1.633898
-0.433388
0.427218
4.080276
-3.313527
-1.693652
-1.278443
-3.539262
0.159218
2.296137
2.362146
0.453951
-1.817199
-1.258263
0.002343
-4.030380
-0.500171
-1.019584
1.061049
-2.235550
-1.051357
-1.520368
0.605682
-0.900017
-0.907439
-0.959853
-2.542544
0.770869
-0.389407
-2.619683
-2.085809
0.986174
-0.721112
-1.782085
-0.843754
-0.624730
0.910819
-0.893288
-0.044328
-1.253901
-1.413423
0.342482
1.529078
-1.213716
-2.115248
-0.167800
-0.218039
0.985446
-2.073657
1.365965
-0.311826
-0.659191
-1.701100
-1.976709
-0.504916
-1.337545
0.010735
-0.525632
-1.417010
0.171723
0.841253
-1.868689
-3.245508
-3.492243
-1.053637
-1.232388
0.006747
0.147840
1.342782
-3.571850
0.884375
-1.125140
1.197215
1.065223
2.083427
-0.075400
1.106101
-0.309636
-0.638146
-0.035837
-0.157503
-0.159221
-0.170721
0.255112
1.225289
1.682940
-0.847567
-0.111569
-2.458272
-1.721676
-2.850398
0.515786
-2.312083
-2.186095
1.676998
0.094935
-2.179265
-2.019557
-1.026420
0.902938
-0.490551
0.672477
-0.341075
1.231851
0.650899
0.443466
-2.084463
-1.015672
0.643387
0.313941
1.718946
-1.260446
0.506486
0.545957
-1.739994
0.392115
-0.162584
0.734811
-3.205866
-0.377999
-0.729683
0.304584
-1.607921
-3.247873
1.086484
0.422629
-1.693113
-1.233803
-1.013000
-2.041370
-0.850490
-1.124367
-3.103909
-0.459915
-1.737718
-0.511230
-0.576486
-0.972510
-1.260675
-4.016956
-2.445114
-0.775726
0.245525
-0.909196
-1.484537
-0.682235
-1.397574
1.614725
-0.756992
-1.386477
-1.432393
0.471112
-0.347423
-0.268828
-2.989211
-0.627362
-2.459607
0.462652
-1.246896
-3.035072
-0.736668
0.471812
2.344839
-0.873849
-0.468769
1.560723
-1.805948
-0.498330
-0.966524
0.103852
-1.072099
2.435070
-1.089060
-1.653486
-2.586280
0.416316
-2.757554
-2.799291
-0.736966
-1.777970
2.354913
1.030394
-0.523704
-1.786929
0.501279
-0.549616
2.341039
0.218847
-0.679106
-4.006187
-0.506370
1.085859
-1.132076
1.915314
-1.644185
1.125628
-0.311978
-0.459529
1.682196
-1.032990
1.506921
-0.867651
0.493718
-2.822284
0.942640
3.528021
-1.784776
0.137767
0.505800
-0.741675
-3.835115
-0.252938
-3.280105
0.684735
-0.650152
1.669334
0.333934
-1.981676
3.331527
1.030863
-0.185288
-0.270666
-1.494496
-0.135929
-0.173024
1.790917
-1.719028
2.648836
-0.678734
-0.216125
-2.721206
-1.754757
-1.563325
-2.584720
-0.313111
-2.278609
-0.011583
2.167102
-1.887812
0.626188
-1.013618
2.771830
1.559083
0.213182
0.974529
-1.366791
-2.149760
-0.353646
0.548674
-0.427985
-1.547289
-1.879456
-1.907319
2.324613
-2.575311
-1.378185
2.284733
0.524588
-2.100732
-1.376289
-1.566271
-0.395675
-2.674236
-0.506568
-1.781997
-0.836793
-1.538065
-1.364558
-2.415208
0.417457
1.003389
-3.462884
2.058491
-1.435379
0.963119
0.025215
-0.911570
-1.680872
-0.394672
-0.435972
0.360923
-1.045987
0.782806
-0.084692
-2.324719
-3.307953
-2.156955
1.815640
-1.580346
-0.707153
0.775108
-1.108468
0.981040
1.303293
0.921843
0.027699
-4.300226
2.533062
0.806598
-1.365093
-0.359567
-1.031718
-1.948951
0.331023
-3.333498
0.049622
-3.699295
-0.145909
2.174026
1.658803
0.093356
2.003153
-0.826528
0.460570
-2.122099
-1.199551
-1.520442
0.205366
-0.876594
2.378636
-0.373853
0.343753
-2.967949
-1.058825
0.136989
-1.741768
1.783887
-0.698457
-0.796898
1.750652
-1.323998
-0.333824
1.410558
-1.664891
-1.812352
-1.244499
0.817859
0.727536
-1.393965
-0.479216
2.166294
0.451593
1.261303
0.367388
-1.498909
-2.300533
-1.279363
-0.694470
-0.053887
0.929955
-1.573151
-0.735369
0.199384
-3.776490
-1.048514
-1.140709
-1.055672
2.197388
-1.193627
-0.605146
-0.819573
-3.474603
0.127057
0.518970
-0.531216
0.307085
0.216172
0.606937
-0.018652
2.969226
-1.249371
-1.764210
-2.263029
1.481605
0.224819
-3.931371
-0.085811
-1.760763
-1.713379
2.314610
-2.850346
-1.485100
0.103611
0.743789
-1.273571
-0.376274
-0.799200
2.152916
-2.461540
-0.277906
-0.627793
0.335283
-1.395679
-2.241229
-0.432378
-1.987743
0.189305
1.633684
1.485821
0.802520
-2.207500
-0.208282
-0.279581
-1.614113
-0.004384
-1.423610
-0.075049
-0.115739
-0.640189
-1.049911
-3.473895
-2.376019
1.072379
-0.757338
-1.376777
0.874485
0.931978
0.599604
-4.956046
-1.853370
-3.884587
0.816836
-2.116796
-4.100944
-0.314521
-1.587730
0.734053
-0.925502
1.615361
-5.259318
-1.563537
-3.242142
-1.181508
-1.081033
1.200895
1.253317
-0.141831
0.014216
0.535901
0.642894
-0.248415
-1.382342
-0.683694
-1.853316
1.078756
-2.357322
0.679925
0.240511
-4.027147
-3.619978
-3.275398
-0.880971
-0.898894
2.549046
1.690558
0.991325
0.934306
-2.046929
1.544763
-2.651420
-2.285461
-0.643743
0.553916
0.861192
2.567308
0.880107
