-1.941480
-2.625656
0.227703
-1.518158
1.015982
0.954517
-0.365343
-1.650668
1.959325
-1.861565
0.997570
-2.317281
1.693640
-0.774977
-2.031448
-1.392983
0.004087
-2.344258
-1.857065
-0.237474
1.703427
1.304459
-2.510134
-1.385569
-2.697640
1.892195
-2.138290
-1.617311
-1.280427
-1.801979
-1.559599
-0.109678
1.991849
0.158726
1.218950
-0.052239
-2.651039
1.131566
-2.553924
-1.111548
1.676959
-1.076729
0.135338
1.458008
1.416039
1.677950
-2.366625
-2.151756
0.710384
-1.943609
-1.305153
-0.064674
0.369839
0.564955
-2.449195
0.011122
-1.239671
-1.986573
-0.247455
0.822561
0.654222
-2.057074
-2.376558
-1.680938
-2.581662
-0.907828
-2.854410
-2.213861
-1.892965
-0.334485
0.197834
1.165805
1.207300
-1.449358
1.320244
-2.259334
0.485816
1.428591
-0.684774
-2.957952
-0.560898
-0.616532
1.756681
-2.225742
-0.801537
-0.402279
1.465801
-0.363741
-2.751260
1.030354
1.768617
-0.716505
0.283766
-1.971891
-1.905593
-2.498975
0.693317
-0.248106
-2.266675
0.694787
