1.207433
-2.517767
-1.204169
1.495996
0.116498
0.504916
0.046189
-2.563885
-0.461537
1.582619
-0.698987
1.161573
1.895302
-2.924222
1.192032
-0.573353
-2.922999
0.155590
1.401053
0.909111
1.320770
0.985792
1.427918
-1.636614
-1.426812
1.207143
-2.000957
1.284787
-2.972863
-0.614062
-2.080896
1.416492
1.914197
1.649441
-1.401031
0.963860
-1.902248
-2.425282
-2.664038
1.636260
0.178484
-2.544751
-0.378773
-1.381531
-2.213325
1.304853
-1.313414
1.209483
-2.403133
1.569086
1.966904
-1.517095
1.461925
-1.337509
-0.647528
1.004242
-1.354120
-0.453319
-1.869268
-0.699496
0.866391
1.178201
-0.003253
-0.691757
-2.776176
0.946224
1.472485
-0.920358
0.551789
1.789808
0.608157
0.026896
-0.930034
-1.793301
-2.507632
-1.668567
-0.080147
-0.879364
-2.655575
0.095206
0.327503
-0.699506
1.922320
-0.162069
1.276509
1.417347
1.198323
0.723274
-1.510244
-0.893909
-2.711740
1.429929
-1.372616
1.049064
0.814435
-1.192496
-1.479865
-2.094763
0.777261
1.326352
-2.741082
0.912352
-1.685112
1.958605
0.485759
-2.009119
-1.455603
1.885198
-0.100169
-2.838742
-0.267547
-1.466140
-1.610608
1.888909
-1.487242
-2.243815
-0.030595
-2.454058
-1.947762
-2.149081
-2.476880
0.729804
0.085375
0.907523
1.336877
0.540652
-0.547400
-0.924111
1.321944
0.410041
-2.352471
0.760273
-0.926546
-0.315079
-1.233429
-0.001554
-1.780498
0.749096
0.335885
-0.212869
0.426381
-1.268156
-0.807966
0.017998
-1.481656
1.775615
0.732164
-2.301081
0.313890
-1.286199
0.088077
-0.090124
1.931087
1.915498
1.905369
1.535061
-0.600831
0.852126
-1.446958
-1.708510
1.198543
-1.560535
0.948184
-1.829749
0.810656
-2.364018
-0.499246
-0.384096
1.086608
1.213240
-1.515829
-1.077127
1.923514
-2.226530
-2.775445
-1.215817
0.853667
-1.264103
-2.195678
-0.512949
-2.203568
-2.885446
-1.557506
1.259395
-2.538122
1.782563
-1.922446
-1.181562
-1.549705
-0.608837
-2.683813
-2.066341
1.149924
1.460300
1.902010
1.378486
-0.297915
-0.902855
-1.026809
-0.359768
0.620604
-2.546469
-2.659888
-0.194809
-0.323859
0.190948
0.752192
0.239213
-0.005300
1.035735
-0.273511
-2.730886
-1.706146
-0.866115
-0.105606
0.602363
-0.361647
-2.710975
-2.359888
1.215582
0.835170
-1.078373
-1.912043
-1.907705
-2.509574
1.858591
0.936175
0.003570
-2.301898
0.018519
1.486365
-2.706808
0.231571
-1.217070
0.197329
0.615288
-2.905035
-0.220063
-1.994726
-0.415971
-1.916628
-1.307065
-2.172426
-1.736310
0.364010
-2.834841
-0.660878
0.590046
-0.441015
0.163805
-2.295790
-0.667061
-0.611138
1.195296
-0.746476
-1.072378
0.567293
1.606061
1.708205
-0.993926
-0.683536
1.609824
1.176044
-2.598405
-1.160100
-0.846986
0.915066
-1.718719
1.464325
-2.314730
0.946387
-1.087333
-2.822543
-1.181270
-1.410700
1.150943
-2.199420
1.899415
1.283113
0.280534
-0.029872
1.712958
-1.231381
-0.022002
-0.658985
-0.482358
1.061282
1.156740
1.858272
0.911951
-0.471285
-0.135567
-2.493658
1.777431
-2.566020
-2.661356
-0.673013
-0.828710
-1.637954
-1.800993
1.107618
-2.891499
-0.296809
-0.465241
0.221358
-0.120406
-1.641894
-2.476466
-2.318804
1.575424
1.017124
1.553057
1.102872
1.057421
-1.031867
-0.676532
-2.530421
-1.070639
-1.097637
-1.749739
-0.359021
0.324607
-1.081643
0.136847
-1.331483
-1.782063
1.030705
0.919016
0.820520
1.972248
0.585087
-0.191695
-1.628350
-2.024568
1.067897
0.633838
-2.338805
-1.237395
0.896044
-1.936148
-1.035507
1.857873
-2.835858
-2.472066
-0.937095
-0.781548
0.020591
-2.188007
-0.029874
-1.520499
-0.500197
-0.456988
1.089704
-0.758300
-0.025853
-2.580193
1.675758
0.410997
-2.354742
-0.380169
0.618554
-1.753042
-2.400320
-1.972926
-1.050802
-2.825925
1.523177
-1.295378
1.507086
-0.768542
0.508723
0.734510
-0.238832
-2.097392
-2.021514
0.231968
-1.723180
-2.867498
0.083618
-1.889129
-1.045680
1.681734
-1.735864
-0.038356
-0.235816
-2.344718
1.294955
0.161354
-2.576191
-2.598901
1.466656
-0.138986
-2.321063
-0.284346
-2.098131
0.324111
-1.661612
-2.880069
-1.657418
-1.823867
0.303616
0.137156
1.173824
-0.961950
-0.974477
0.866826
0.510261
-0.377216
-2.685383
-1.913013
0.331673
-2.566248
-2.315247
-2.078702
0.009944
1.782133
0.855377
0.840134
-2.445915
-1.744081
-0.062090
-2.655149
0.317173
-0.244403
1.254359
-0.997907
-2.264959
-1.275829
-1.505473
-2.302048
-0.006979
-2.971390
-0.734698
-2.943915
-1.963524
0.645669
-1.874240
-0.542962
-2.519925
-1.453985
-1.742626
0.878288
-0.490834
-1.892088
-2.875513
0.596156
-2.504961
-0.982761
0.581722
-1.870345
0.965468
-1.519601
0.741824
-0.395817
0.482119
1.614684
1.742971
-2.154486
0.141550
-2.924007
-0.383376
1.540621
-2.616569
-1.532483
1.031421
0.495510
1.218206
-0.782399
-2.944155
-2.300337
-0.317946
-0.830862
-1.786474
0.999732
-0.004435
-0.718151
-2.714168
-2.104407
1.375612
0.987050
-0.515850
-0.748140
-1.438726
1.918069
-2.322929
-1.250331
0.699426
-1.910005
-2.408550
0.500932
-1.535375
-0.607862
-2.884951
0.971961
-0.350204
1.228795
-1.288893
1.116610
-2.041454
-1.324421
-0.256907
-1.305057
-2.893757
-0.361648
-1.470255
1.028276
-0.210892
-2.368891
-2.136919
-1.020508
-2.842053
-2.668770
0.402149
1.563704
0.348807
-0.388550
-0.456657
-0.762972
0.631665
0.974337
-1.718721
0.840077
-2.822188
-0.801253
-2.589847
1.334361
-2.577989
-0.701683
-1.370185
-0.950544
-1.094917
1.019587
-2.501486
-1.540356
-2.036635
-1.039501
-0.730613
0.012922
-1.892333
0.726274
0.442643
-0.767952
0.772116
1.834280
1.330004
-0.187888
1.460655
1.322166
-2.195765
-0.450526
-0.269566
-1.224866
-2.193552
-2.363992
-2.768695
1.738599
-1.219147
-1.245192
-2.023394
-2.241423
1.955019
1.656742
-2.366385
1.272044
1.026932
-1.418022
0.181857
-2.084269
0.057949
-0.051941
-0.612515
0.235119
0.323093
1.172502
0.158027
-0.032214
-2.801854
1.006031
-1.884181
0.019373
0.533956
-2.011867
-1.209420
0.812506
-0.879052
-0.537498
-2.761232
-0.604354
-0.480958
1.382822
1.676268
-1.080109
1.397202
-2.607532
0.164634
-1.729803
0.529472
-0.136570
0.203867
1.801458
1.358659
0.370388
1.570671
-1.780830
0.816991
-0.857370
-1.810167
-2.855364
-2.788627
-0.450471
-1.022527
-2.416290
0.296929
-2.191552
-1.772622
-1.563161
-1.513967
-2.887360
0.955297
0.616577
-1.403285
0.574899
-2.794915
-1.328498
0.047148
-0.832875
1.249208
0.837140
-2.107559
0.660116
1.101449
1.269428
-0.924769
0.025946
-2.848098
-2.631098
0.923948
-2.858743
-1.841962
-2.420770
-0.753551
-0.448853
-0.071998
-1.130369
-0.794541
1.553018
-0.408512
-0.421813
-2.390174
1.538856
1.515417
-2.578513
0.146759
-0.109658
-1.417324
0.136797
-0.553838
1.937346
-2.751477
-1.809238
-1.536054
0.134430
0.191349
-0.029248
0.003877
-1.466672
-1.992207
-2.332885
-0.397610
1.343019
-2.719312
1.292418
-1.690300
0.103184
-2.352121
1.388183
-2.031484
-2.986352
-0.717828
-1.012464
-2.067517
-2.155737
-1.367818
-0.811436
1.666663
-2.055098
-1.689023
0.210357
1.429496
0.297811
-1.938320
-2.554774
-0.143307
-0.360493
-0.810061
-1.099234
-0.388491
1.220217
0.923854
-0.425937
1.412416
-1.737300
-0.078903
-2.319378
-2.356917
0.164478
1.878697
-0.415405
-1.301986
1.920087
-2.602873
1.633229
-1.818025
-0.335574
-0.915050
-0.483905
1.508533
0.521514
0.423049
-0.794808
1.182938
-2.670061
1.615616
1.652118
0.599194
1.526705
-0.262301
-2.326429
-2.618382
-0.402951
-2.959080
0.583011
-0.501147
-0.997704
-0.370476
1.333637
1.480966
-2.217615
-0.921109
-2.285414
-2.968942
-2.560903
-1.015450
0.686847
-1.932541
-0.340118
1.545727
-1.352409
1.909087
-0.971106
-1.104492
-1.150035
-2.964182
0.957479
-1.415143
1.473488
1.951044
-2.092232
-0.795631
-1.381053
-2.592692
0.346338
0.214828
0.862105
0.397742
-2.830269
-0.867619
0.829474
-2.783036
-1.664969
-1.911053
1.283650
0.187657
-0.336811
-2.697772
-1.360771
-2.180393
-1.565348
0.907301
-1.483048
1.274971
1.494870
-2.379721
0.116020
-1.529146
-1.739319
-2.479772
-2.460881
0.048157
-2.033825
0.479175
1.911716
-2.975223
-2.614058
-2.866712
-0.620856
-1.785108
0.152596
-2.715296
1.137291
1.646433
1.544801
-0.539069
-1.321576
-2.541244
-1.729522
-0.421429
1.846087
1.811232
-0.014408
0.878281
1.154021
0.730438
-0.191391
-2.971492
-0.081176
-1.072936
-0.639145
-2.134155
-2.686483
-1.571884
0.500778
-0.383840
-2.144715
-1.002056
-0.096763
-0.008217
-1.547857
1.597061
-2.140188
1.660111
-1.221039
0.886499
-1.825599
1.264907
0.274359
-2.704282
-2.874533
-2.558934
1.444552
-0.843724
-0.128628
0.834857
1.177845
0.155279
-2.358392
-1.026777
-0.518068
1.704409
0.087193
-0.550935
-0.904330
0.600796
-2.234333
1.188399
1.021180
1.437214
-0.706099
-0.811577
-1.735816
-0.654200
-2.754504
0.514048
-0.199270
0.573240
-2.130615
1.000844
1.869388
1.772600
-1.082837
1.416439
1.794209
1.613496
-0.811520
-0.853969
-1.942353
-0.730849
0.066733
-1.239707
-1.223111
0.807717
-2.107275
-2.873809
-2.402736
-2.624331
0.209216
0.972404
-2.111807
-2.739101
0.161532
-0.930816
-0.415199
-1.122826
1.033529
-1.230715
-1.707815
0.337003
-1.478828
-1.569538
-0.699742
-0.998111
-2.685069
-2.004161
-0.254001
-1.250848
1.391372
-1.475023
-2.556898
-0.010857
-2.253656
-0.165653
0.576837
0.001138
1.536515
0.099189
-0.333288
0.037292
1.302890
-0.545925
-2.994159
1.935237
-0.135145
-2.221648
-2.785757
1.731927
-2.708270
-2.512290
-1.464866
-1.854846
-0.965285
1.923668
-0.372524
-0.912458
-0.193661
0.669101
-2.121328
-1.634513
-2.209958
1.008149
0.052263
-1.424437
-0.748472
-0.785304
0.984884
0.858160
-0.251725
0.542751
-1.233018
-0.241739
-1.492196
0.528837
-1.339995
-1.790743
1.168073
-1.121029
-0.602904
0.185029
1.493361
0.087175
1.097175
-0.842910
0.318769
0.240156
-0.420659
0.672774
0.022491
-1.540629
-2.503956
0.113496
0.977748
1.215128
-0.351426
-2.679647
-1.395339
-2.224787
0.000267
0.739456
1.177068
-0.970111
1.215738
1.772519
-1.048439
-1.272717
1.710520
-0.806384
0.940573
1.032072
0.458580
-0.981747
0.108356
-1.999759
0.535315
-0.533190
0.908644
0.359759
-1.243798
-0.869505
1.580339
1.434718
-2.022642
