-2.890493
1.892292
1.986581
-1.924657
-0.315360
-2.512186
-0.811025
-2.552913
0.019766
1.476174
-2.428834
-0.893289
0.201192
1.987597
0.294478
1.187403
-1.360785
-0.985343
-2.872127
1.927773
0.060549
-2.639294
-2.287180
0.687176
-2.630218
-0.040227
-2.657820
-1.387748
-0.887637
0.266780
1.777656
0.138005
-0.243085
0.987750
-0.544884
-2.454853
0.989306
0.511732
1.575929
-1.001816
-0.516069
-1.327654
-1.310733
1.571176
0.755533
-1.994303
-2.709705
1.699378
-2.532519
0.094942
-1.934791
0.425701
0.652417
1.856406
0.658360
1.125419
-1.826851
-2.253157
1.903901
-2.084624
0.992414
0.887645
-1.496851
-2.718593
-2.246518
0.273122
-1.054759
1.241971
1.603570
0.216904
-1.068762
0.322361
1.487959
-0.620099
1.799760
0.779461
-0.192993
0.658506
1.721060
0.026477
-2.814892
-0.604712
0.202715
-2.518523
-0.872381
-1.485289
-0.635069
-0.990558
-0.808969
-0.513791
1.080994
-1.145257
-1.948913
-1.896324
-0.334844
-1.570697
-0.865230
0.598032
-0.698367
-1.842937
-0.076762
-0.886113
0.156002
-0.313116
-2.133661
0.978333
0.847076
-1.993787
1.744030
0.538248
1.650667
-0.126169
-0.638052
-1.236767
-1.009178
1.259008
0.918181
-2.485199
0.458594
0.489568
-2.212766
1.826293
-1.680402
0.587970
-1.961225
1.901608
-1.638426
-1.836444
-2.146049
0.692322
-0.077751
0.604855
0.270667
-2.275856
-0.404835
1.584382
1.175558
1.656809
0.750886
-0.744398
1.246496
-2.032438
1.809256
-1.147429
0.050008
-0.664761
1.439590
0.846802
0.455670
-2.105443
1.803253
0.155880
0.395604
1.648292
-0.325909
-2.305359
1.915084
1.161802
-1.865195
0.583912
-2.666243
-1.591945
-2.445282
0.879680
-2.289562
-2.168861
1.462355
1.451759
0.593191
-1.852453
-2.088704
-2.258726
-2.663191
-1.171988
-2.120863
-2.005447
0.823595
-0.921382
-0.738399
-1.693434
-0.590672
-1.204733
1.779508
0.797632
1.256947
-1.812470
-0.000000
-2.350788
-2.550301
0.098696
0.880029
-1.062189
-1.521987
0.394855
-1.998348
0.604406
1.366538
0.790702
0.429762
0.416200
0.464447
0.771524
0.872402
-0.489836
-0.178036
-2.894427
-0.568652
0.082554
1.477803
-2.245031
-1.357938
-0.243814
-2.921412
-2.451021
-0.678522
-1.790298
-2.671335
0.142707
-1.208425
0.486205
-0.583298
-1.316443
1.060935
-1.178207
-0.806137
-1.456928
-0.927743
-1.489843
1.110989
-0.822282
0.383901
-1.028654
1.006192
0.508994
-0.742338
0.951574
-0.339207
-0.854999
-1.152772
-2.335161
0.724285
-0.742429
-1.702910
-1.546256
0.231225
-0.756161
-2.362935
-0.329356
-2.236577
1.077952
-0.808839
0.745706
-2.492138
0.664339
1.745698
-0.351881
-0.035302
-0.312992
0.141547
-1.704186
-0.848933
-2.150095
1.194003
-2.062365
-1.932156
0.761503
0.332716
-1.638552
-2.446261
-2.043920
1.584947
1.766768
-1.300004
-1.501308
-0.016940
-2.461698
-1.444822
1.883918
0.953244
-2.807773
0.366574
-1.808216
1.410625
-0.762020
0.839159
1.196834
-2.306612
1.986073
-0.005413
1.010896
-2.977089
-1.971639
-0.114652
-0.412262
-1.162219
1.356082
-0.007564
-1.438138
-0.474386
-2.348111
1.801805
-2.670488
1.382236
1.009642
-2.777374
-2.942163
-1.329274
0.100190
-1.776520
-0.811685
-2.953287
0.143165
-0.622684
1.519635
-1.633201
-2.691405
-0.527034
-1.077713
-1.147935
-1.705898
0.619652
0.835110
-2.895107
1.284408
1.965563
0.924946
-1.216965
1.520021
-0.113487
1.912278
1.802227
0.654499
0.034752
0.317030
-0.931089
-1.303635
-0.819759
1.250874
-0.031011
0.037338
0.549201
1.953073
1.061195
-1.971333
1.886649
-2.411266
-1.871748
1.318110
0.153362
0.035457
-1.577873
0.022080
1.106130
-0.059570
-0.657282
1.479341
-1.272604
0.808337
-2.922218
-0.717441
-0.545654
-1.706561
-0.006126
-1.800918
0.872075
-0.609632
1.001419
1.847154
-0.460241
-0.903553
0.157800
0.925395
0.848254
0.932902
-1.735827
-1.145289
-2.996288
1.912587
-0.386135
-1.773903
-2.022792
-1.890192
-0.163824
0.554617
-1.307218
1.435245
-2.812875
-2.501619
-2.275964
1.992483
-2.046528
-0.394781
-2.990014
0.951684
0.727228
-1.596535
0.516311
-0.904386
-0.989381
0.830518
-1.053268
1.109896
-0.025433
-0.874042
0.293813
0.537767
-0.704629
-2.158446
-2.199995
1.567695
1.036433
-0.374935
0.608766
1.458065
1.912935
-1.288313
-2.007562
0.322342
-1.441816
-1.268805
0.635923
1.597880
0.797018
-2.977191
-0.472623
0.951008
-1.526867
0.180164
-0.530715
-2.722506
-1.301348
0.782806
-2.253003
-1.234265
1.020145
-1.735706
-1.304439
0.591255
0.403700
-0.908718
-2.879719
1.774847
-1.497864
0.984015
-2.747378
1.851764
1.849990
0.311615
1.581685
0.388216
-1.570181
0.661904
-1.414150
0.158884
1.328859
-0.036120
0.733093
0.123906
0.411978
0.619504
1.027363
-2.373460
-1.805967
-2.089740
1.250241
-0.861756
1.379026
-1.428342
0.490609
-1.628572
-2.181998
-2.989384
0.296871
-2.303035
-0.780901
-2.010260
-0.385191
-2.147601
1.415003
-1.709809
1.840210
-2.491363
1.251310
0.414962
1.013633
-2.534883
-1.832845
-1.604152
-0.736107
-2.282701
-0.867215
-2.739615
-2.749609
0.442296
-2.421084
-0.181801
-0.529361
-2.862269
-0.046528
0.130405
-1.332115
1.236662
-2.522297
-2.191222
0.130595
1.129937
-2.453001
-0.540252
-0.274251
-0.886751
-2.032936
-2.358779
0.282916
0.759717
0.219265
-0.223772
-0.340437
-1.547965
-0.001361
-0.108009
-0.586177
-2.471193
-0.387962
-0.997374
0.345662
-0.699715
-1.786322
-1.559501
0.646469
0.891263
-2.111421
-2.018696
-0.561769
1.066859
-2.930528
-1.330909
-1.154559
0.110624
-1.805823
1.611513
-2.032033
-2.405596
-1.303426
-0.822012
1.270092
-1.677488
-2.534646
0.719369
1.969723
0.301388
-2.605859
-2.647105
0.893009
-1.874169
0.273731
1.345597
-0.881242
1.629745
-1.406857
-2.702527
1.658360
0.377848
-0.190225
1.354652
-2.960731
-1.111074
0.474766
0.058893
-1.180325
-2.562871
1.807310
1.250778
0.586184
0.472563
0.298882
1.311314
1.704486
0.504474
1.313387
-1.081091
-1.860982
-2.688472
-1.697624
1.962834
-1.365097
-1.504415
-2.297021
1.339103
-0.526737
-2.849974
-0.011892
0.360192
-2.908257
-2.727389
-2.242910
-2.161870
-1.150140
1.746938
-1.888787
0.494125
-1.849142
-2.163630
-2.616827
-1.214821
1.984099
0.987291
1.552194
1.037562
-2.153562
-0.497769
1.324298
-1.550648
0.525962
-1.132093
0.129440
-2.140534
-0.775082
1.325853
1.983619
-1.505632
1.684726
-1.910063
-2.040471
-2.649241
1.997211
-1.517846
-2.431362
-1.203112
-0.241671
-2.752271
-1.911986
-2.792051
-2.337769
-1.756745
0.909532
0.568586
-1.815210
-2.389637
-1.079626
0.122419
-1.219406
-2.273878
1.767990
-0.242766
0.936792
0.379932
-1.551805
-1.318741
1.403137
-2.084770
1.735202
1.768758
-2.051612
-2.881415
1.815320
1.551043
-0.897581
1.999011
-2.419785
-0.190405
0.521916
-1.488456
-0.424552
1.202415
-1.513305
1.520875
0.784197
-1.540173
0.287957
-1.608165
1.411792
-2.311863
-2.694486
0.051691
1.144635
0.560617
-1.968910
1.373837
0.960045
-0.154079
-2.462184
-1.321848
-2.440484
-0.961660
-0.085209
1.252516
0.808642
-2.478032
1.010397
-1.156467
0.881734
0.892222
-0.376292
-0.644817
1.260444
-1.489386
-0.280453
1.696616
-2.994260
-1.925745
-2.896543
-2.367188
1.459840
0.839142
-1.345706
0.386625
-0.571025
-0.487962
0.726871
-1.900361
1.520308
1.726242
0.976952
-2.621073
1.996167
0.891931
0.951119
-0.736926
1.544473
-1.528416
1.882576
1.972229
0.727908
0.668863
-0.785918
-0.435999
-1.198746
0.628704
-0.928155
-0.247764
-1.547987
1.260946
1.817926
-1.208647
-2.495254
-1.422658
-1.536470
-0.827656
-0.577756
-1.953305
-2.318672
-0.280019
-2.346571
1.349780
-2.418741
-2.058524
-2.095356
-1.999765
-0.994888
-2.133448
1.924581
1.945393
1.781066
1.223557
-0.443766
-2.010204
-0.565418
-2.498964
-0.379842
0.420998
-0.450405
-0.124042
-1.161390
-2.677459
-2.519249
-0.447023
-1.407322
0.395240
-1.776903
-0.417881
-2.699566
-1.461632
0.795020
0.249620
1.230959
0.969978
-1.628395
0.775144
-0.707317
-1.499376
-1.828625
-0.250711
-1.248855
-1.557727
-2.938894
-1.917551
-1.291243
1.395592
-0.324223
-0.697047
-0.375792
-0.707238
-0.770952
-0.157874
0.145799
0.122748
-2.649283
-2.722127
1.442862
-0.894897
-0.097608
1.166803
1.503928
-0.732158
-0.385365
0.613544
0.269615
-1.545131
1.802151
1.066994
0.576324
-0.485565
1.821981
0.122789
-1.020599
0.025213
1.387352
-0.710412
-1.892436
-0.984929
0.222257
-2.969286
1.746395
-1.780009
-1.814416
-1.154910
-2.263116
-1.509398
-1.789902
-2.573522
-0.208946
-2.522983
-2.782216
1.254612
1.034960
-2.435038
-1.469214
-1.593907
-2.688254
-0.073727
1.473647
-0.908114
-2.386894
-0.620694
1.084462
1.720276
1.411962
1.902227
-2.623427
0.614222
0.030882
-1.523110
0.990258
-1.868485
-0.792669
0.326661
-1.286265
0.351407
1.445838
1.975987
-1.591345
-1.150120
-0.190639
1.231959
-1.128391
-0.347913
1.891785
0.541702
0.671381
-2.817725
-2.138034
1.752769
-2.332422
-1.066198
-1.894190
-1.590418
-2.608636
-2.731946
-0.920454
-1.272896
0.817227
1.521189
-1.790174
-0.866077
-2.029216
-0.342872
0.623564
-2.813049
0.416789
1.260202
-1.754756
1.832963
0.096055
0.492702
-0.266307
-2.597641
-1.246956
-2.032958
1.380937
-0.356171
-1.873398
-0.935047
-0.401417
0.526757
1.269918
0.667047
-0.546086
0.133013
-2.648252
-0.109041
-0.934497
-1.546288
1.846002
1.803518
-2.333085
-2.607236
-2.791982
-0.073281
-1.843456
1.197742
-1.449713
-1.495646
1.648336
0.168576
0.159708
1.298915
-2.545143
-2.267746
-0.079447
0.933302
-2.069649
-2.073416
-0.797881
-2.154850
-1.986212
-1.847262
-0.989793
-1.821495
-1.825237
-0.304314
1.511090
1.071133
-2.454117
-0.559759
1.975199
0.682184
1.779257
-1.539423
1.588585
-2.645725
-2.746687
-1.004169
1.243333
-0.891935
0.030375
0.848650
0.074769
1.201410
1.064690
-0.196937
1.792188
-2.768211
-1.893858
-1.602678
1.273271
-1.175158
0.353731
1.370718
1.033602
-0.920081
-2.878967
-1.168060
-0.247691
1.698959
-2.595934
-2.219010
-0.573027
1.072549
-1.924573
0.879406
0.096623
1.941560
-0.674311
0.742339
-0.146116
-2.866896
1.925599
-1.584304
-2.321158
0.544067
-1.952195
0.133507
-1.134283
1.538604
1.293198
-0.874185
-1.857028
1.166135
-1.079185
-2.067542
-0.506463
-2.863633
-2.925817
-1.474630
0.632064
-1.025722
-1.577669
1.019315
0.580421
-2.716858
-1.859156
-2.114273
-2.880599
-1.102932
-1.583608
-2.697134
-2.554217
1.832126
-1.929920
0.760943
1.849447
-1.215706
1.871926
-1.448636
0.822773
-1.114384
1.562017
-0.537757
-1.221483
0.769500
-2.495815
-2.759084
1.338543
-0.076283
-1.306951
-1.788347
-0.730735
0.595048
-0.375414
-0.454570
1.066380
-1.586219
-1.817427
-0.904138
0.909733
-2.729238
-1.259052
1.288584
-2.884736
-2.738230
-2.672721
-0.112763
-0.752161
-2.843463
-0.269060
-2.688756
-1.556045
-1.863635
0.880846
0.238498
-2.825675
1.201175
-2.097927
1.532056
-0.046872
-0.692325
-2.913045
-2.282577
1.103367
-1.477580
1.145754
0.354618
0.047666
1.653502
0.074089
0.262281
-0.390920
0.640501
-2.091506
-0.687090
-0.960662
-2.629977
0.907438
0.973067
-1.840632
-0.306961
0.543119
-2.303240
0.871801
-1.097661
0.836375
0.424067
1.322500
-0.629516
0.224507
-1.132007
-2.426586
1.431888
-0.701906
1.834421
-2.213043
-0.323149
-2.836885
-2.193995
0.770087
-2.893425
-2.848940
-2.399158
1.974699
0.987695
-2.505905
1.141915
-0.092323
-1.784314
1.258949
1.735676
-1.903506
1.903473
0.170024
-1.075535
0.304879
-1.799921
-1.112265
0.764214
-2.062557
0.467956
-1.535861
-1.939554
-1.621593
-2.769201
-0.154848
0.259350
0.859330
-2.338634
-0.219110
0.854516
-2.054443
-0.765326
-1.396436
1.427149
1.762992
-2.958238
0.355099
-2.852162
-0.058431
0.807950
0.618879
-1.030423
-2.969914
-2.977150
1.608047
1.151371
-1.063113
1.718249
1.464684
-1.496492
1.384318
-1.954834
-0.494565
-2.638129
0.102645
-0.901656
-0.889385
-2.117328
-2.427270
0.095254
-0.541151
-0.487539
0.579723
-2.135218
-1.718107
0.175495
-2.787235
-2.463390
1.777532
-0.106501
1.040840
0.600173
-2.945278
-0.546574
-1.402701
-2.345124
-1.030974
-0.246511
0.425574
0.958174
0.581195
-1.373552
-0.720323
0.834453
1.391031
-2.905252
-0.273980
-2.413546
0.106315
-2.025609
-0.560625
-1.776862
1.711134
-0.160977
-2.539860
1.402479
0.255223
0.680686
1.146054
1.726171
0.850031
1.635167
1.727776
-1.534775
-1.889743
-2.732025
-1.719396
-0.234564
1.430765
-0.788356
-1.612207
-2.261581
1.532842
0.111614
-1.102716
0.477455
0.972003
-2.462190
-0.137389
-0.527284
0.804681
-1.970482
-0.352067
-2.203509
-2.287037
-1.032931
1.547024
-2.470456
-2.317241
-1.417018
-0.541418
0.397687
-1.474116
-0.260571
-2.398184
-2.290206
1.502141
1.722698
-1.099438
-2.813884
0.586050
-1.159552
1.482655
1.520530
-1.046807
-0.128930
-2.877527
-2.459485
-2.199806
-0.086536
-1.471460
-1.527254
0.210605
-1.893407
-1.423955
-0.521057
0.587767
1.098646
-1.723956
-2.195456
-0.642266
-1.700226
-1.716488
0.073879
-2.958378
-2.833298
1.082769
-2.260648
0.851640
1.926269
-0.837873
-2.924658
0.339131
1.595494
0.059779
1.051189
-0.580432
-2.236147
-1.424835
-2.295157
1.851095
1.707185
-1.443335
-2.354639
-2.014102
-2.198155
-1.011200
-1.699260
-0.319328
-0.557518
-2.874466
-0.935867
0.661692
0.517658
-2.692941
-2.219786
0.664396
0.211750
-1.416099
-0.643185
1.083188
0.048823
1.934339
1.978235
0.413595
-1.120017
-1.237037
-2.060394
-0.505907
0.366221
-0.894724
0.744762
0.137934
1.261235
-0.325814
-1.595283
-2.885381
-1.853826
-2.379383
-1.233334
-2.739820
-2.793479
0.914736
-1.561306
1.194006
-1.921146
-0.159438
-1.566180
-0.036316
-1.333662
0.581744
1.872089
-0.712435
1.379770
-0.691956
1.044999
-1.136017
-1.680376
-0.759502
-2.802120
1.965899
-2.013266
-1.564190
-1.852463
-2.208069
0.224952
-0.687085
-0.360861
-1.396328
-0.021194
-0.702837
1.743576
1.192253
-2.369820
-2.008560
1.033172
-2.227741
-1.334413
-1.160848
1.352092
0.158144
0.227806
1.849815
0.196230
-2.158070
-0.068589
-1.343073
-1.548592
-2.477339
1.976279
-2.682153
0.933909
-1.026453
0.378370
-0.578948
-1.674218
-2.386706
-0.853337
-2.378438
-2.201894
0.513342
1.789135
-0.403964
-2.717568
-1.992194
0.527517
0.279241
-0.942612
0.770957
0.795425
0.803036
-0.371788
0.010624
-2.365287
1.396767
1.293461
-0.642955
1.148619
-1.417525
1.387200
-2.535027
-2.023644
1.112244
1.692444
1.200810
-1.980936
0.903791
-0.633331
1.064657
-2.058368
-1.985979
-2.850046
-1.946523
-2.716883
1.563224
-1.118942
-2.509036
0.485091
1.477415
1.504710
-1.800884
1.358180
1.810143
-0.593506
-2.000748
-1.586486
-2.331996
-2.219345
-2.898255
0.350176
-1.364423
-2.095644
0.928618
1.606146
-2.789931
-1.073409
-2.364739
-2.972557
-1.768541
-0.237242
0.931531
1.266247
0.671979
-1.400231
-0.769053
-0.381294
-1.395255
1.142322
1.421679
0.550471
-1.250955
0.816407
-0.345689
-0.753527
-2.992429
-1.890055
1.850220
0.960908
1.897266
-0.822704
0.321461
-0.873670
-2.116226
-2.482105
-1.163161
0.438365
1.691405
1.957082
-0.945149
-1.576344
-1.309329
-1.536984
-2.069792
-0.615322
0.680877
1.805387
-1.803135
1.474753
0.020152
-2.044994
1.502094
-2.448707
1.289694
0.362576
0.587875
-0.049372
0.739179
-0.999962
-0.246476
-0.347837
-0.410824
-2.721433
-2.397408
-1.805865
-0.165136
-0.576272
-0.496757
-1.125191
-1.115491
-0.181816
-2.425112
1.520762
-1.111133
0.720839
-2.399785
0.121787
-2.422949
-1.676167
-2.159529
-0.576456
-0.852366
0.880284
0.595977
0.124075
1.662570
-0.177331
-1.869928
-2.554021
-2.347361
0.481651
-1.634353
0.404896
1.674622
-0.017080
-2.605642
-2.289883
1.936693
-2.291433
-2.277613
-0.043323
0.931468
0.808357
1.707417
1.631870
1.714733
-2.822049
1.916673
-1.848221
-1.820092
-1.652023
0.367446
-1.339399
1.012208
0.125333
-1.095239
-2.198660
-1.905021
-2.556462
0.111247
-2.488123
0.820932
-0.532565
0.307034
-0.298361
-2.786084
-0.927937
-1.681519
1.537556
-2.174706
-1.911995
0.495680
-1.996349
-0.199571
-1.384528
-1.557065
0.189887
1.694485
-2.278451
-0.121341
-1.382631
1.231318
1.821781
-0.800644
-1.715870
1.498964
-0.122580
0.665624
-0.443006
-2.718295
-1.765713
-1.899537
1.736070
-1.246909
1.618237
1.094730
0.917892
-1.588999
-2.233758
1.567065
-0.657625
1.202987
0.290891
-2.419491
1.685577
1.581295
0.823953
-2.501877
1.706302
-0.971225
-2.794664
0.465505
-1.182613
-0.372086
-2.621975
-2.523772
0.148699
0.221705
-1.921901
1.822387
-2.824217
1.884215
-2.839570
0.135919
1.610070
1.175415
0.910156
-2.993684
-0.633160
-1.042448
1.380906
-2.700317
-0.908001
1.657554
1.099208
-2.603558
-1.187906
0.076363
0.964996
0.008740
-2.022715
-1.548630
-1.844536
1.122808
-2.322443
1.881572
-2.607182
-0.289346
1.863107
0.901396
-1.804180
0.232857
-2.775445
-0.812223
-0.167614
-1.226228
-0.031238
-2.402752
-2.127978
-2.872803
-0.112988
0.292678
-0.009299
0.637277
-1.223337
-2.966762
-1.737705
1.599292
-2.340116
0.244714
-2.488386
-1.293108
0.146199
-0.335616
-0.801947
1.210049
1.622077
-2.093535
-0.269813
-0.282672
0.388865
-1.988169
-0.058328
-2.612006
-2.247802
1.950180
-0.331194
-1.356115
0.293543
0.783412
1.619022
-2.164642
1.853537
-1.231775
1.654233
-0.892055
1.961067
-1.395347
0.355993
1.179070
-0.620287
-0.985353
-2.835478
0.695140
-1.810040
-1.101356
-2.900461
0.688890
-1.151950
1.397206
-2.879682
1.608281
0.841614
-0.358416
1.438735
-2.507475
-2.704094
-0.043681
0.602475
-1.616837
1.181347
-1.091279
-1.555685
-2.325386
-0.227241
0.563001
0.994650
-2.776843
-1.096832
-2.829226
-1.316972
1.409886
0.252059
1.569389
0.314913
-1.038799
-1.354097
-0.598846
1.877141
-0.205366
-1.027932
0.663119
1.210510
1.250620
0.167237
-1.317819
-1.958650
-0.189350
-1.882244
-2.825284
-0.312286
-1.434789
-0.804581
-2.860036
-0.135520
-1.451882
-2.809892
1.167650
-0.145662
0.524545
1.545970
-0.588737
-1.033061
-1.878245
-1.507814
-0.967063
-1.996383
0.414444
-1.899050
1.140996
-2.001891
-0.842112
-2.862429
-2.085588
0.232975
1.023157
1.116539
-1.474626
-0.284159
-2.304152
-2.852623
-0.174122
-2.780905
-0.437021
-0.082272
1.795343
0.167914
1.152057
-1.953556
-1.036330
-0.961020
0.405892
-0.373113
0.547203
-0.678589
0.569401
-1.149055
-1.175731
-1.090195
-0.403059
-0.304585
0.081678
-2.160696
1.529015
-1.805457
-2.910661
0.864449
0.737010
0.341932
-2.381645
-0.645808
-2.147258
-0.097875
-0.154249
0.813077
-0.179408
-1.614566
-1.952564
1.418551
-1.981126
-1.411396
-2.888227
1.181759
-0.602819
-1.818238
1.213374
-0.996450
1.586415
-2.045288
-1.831263
-1.509272
-0.415477
0.872907
1.996485
0.348374
1.630223
-1.335922
-0.042486
-2.072653
-1.127041
0.088867
0.553157
-0.611596
0.658386
-2.306263
0.768600
1.860297
-0.990333
-0.834732
-1.206663
-1.072870
-1.950878
0.166950
-0.140335
0.197381
1.293087
-0.147675
0.917727
0.613438
0.454424
0.201051
-2.752770
-2.662132
-1.208320
-0.456662
-1.436077
0.244374
1.224092
-2.804623
1.311243
-0.647964
-2.935535
-1.058725
-2.115407
0.381444
-1.524566
-2.089274
0.169603
0.410921
-1.487896
0.924356
-1.439014
1.002700
0.379418
-1.736598
-2.071126
-1.357239
1.066068
1.669314
-0.386610
-2.648714
1.064226
1.279605
0.862694
1.403547
1.669255
-0.670337
0.833366
-1.499548
-0.126068
0.694685
-2.506875
-2.831547
-2.339926
0.512192
-0.050382
-0.525779
-2.698016
-0.223069
-1.054468
-2.885276
-2.555238
1.357851
-1.900666
-1.075153
0.790431
-0.822441
-0.403014
1.647133
-0.200590
-1.577153
0.232134
1.887622
-2.583742
-2.448037
-2.011556
-0.646559
0.451063
-2.211437
-0.080771
0.377072
-2.782272
-0.990633
-0.018901
1.279657
-1.155521
-0.558139
-1.099805
-0.158884
-2.966133
-2.217555
-0.435590
1.741199
0.535602
-1.428181
0.480947
-2.230182
-1.124841
1.311946
0.070092
-2.365260
-1.755816
-2.839175
-2.283463
-0.072073
-2.122066
-0.304994
-1.015014
-1.996138
-0.480103
1.973953
0.567326
0.181189
-1.186853
1.037968
-0.817266
-1.505697
-1.346712
0.332134
1.208706
-0.593497
-1.880567
1.660894
-2.676505
-1.955976
-1.175971
-2.903848
-2.555382
0.536047
0.547108
-1.201227
-2.807497
-2.355680
1.086957
-2.613594
-2.421562
-1.090527
1.560410
-1.115753
1.659526
-0.341492
1.718841
-0.763386
1.681512
1.316805
-1.086857
-1.450686
1.987034
1.873181
-0.848528
0.972749
-1.966861
-2.665604
0.238953
-1.752002
1.296239
-1.849782
-1.955550
1.768757
0.325579
-0.365063
-1.542282
0.552517
-1.031558
-1.291869
-0.920948
-2.259432
1.451689
0.101553
1.197830
1.532530
0.197546
-0.971616
0.673564
1.236092
1.070367
-1.329849
-1.406261
1.609818
-2.769486
-2.823915
1.232952
1.411880
1.482165
-2.106172
1.222331
0.044023
-1.244085
0.597023
-1.945415
0.101844
-0.437298
-1.879418
-2.350086
1.435919
-0.424142
-2.816359
0.221458
1.246955
-2.269794
-2.275360
-0.414721
1.202297
-2.525816
-0.916662
-2.034067
1.665968
-0.516557
1.334164
-2.932612
-2.606380
0.502233
-1.433470
-0.796901
-0.001059
-2.072399
-0.554844
-1.132796
-1.665546
1.355205
-0.909890
-1.120125
0.583391
-0.593042
-2.603658
-1.938394
-2.938691
0.476888
-1.797593
-1.550561
0.621204
0.166518
-0.426069
-1.847815
-0.303637
-0.455624
-2.888665
-2.750694
0.008126
1.075307
1.777671
-0.316975
-1.917472
0.120738
1.048775
-1.278707
-1.682500
0.228683
-2.850353
1.628079
-2.574471
-1.611107
-1.748268
-1.226856
-0.088341
1.479932
1.019706
-2.408109
0.322537
0.603625
1.737023
-1.055307
-1.215850
-2.192023
0.678848
-1.349126
0.748592
-1.069621
-2.610505
1.418205
-1.569594
-0.233311
1.464440
-1.477381
-2.349770
-2.211272
-1.535019
1.628592
-0.049478
1.665998
-0.446988
1.039664
-2.171160
-0.551965
0.854727
0.322812
-1.297635
0.879696
-0.527713
1.107365
-0.238832
0.417709
-1.273981
-1.762333
-1.793296
-1.106804
-2.853668
1.521506
-1.562823
1.119864
-2.030432
0.837421
-0.505015
0.212409
-0.142588
0.481053
-2.912673
1.092784
-0.106637
-2.988076
-1.658318
-1.763265
0.949589
0.680749
-1.942991
0.744214
-1.404004
1.197209
1.655913
-1.932813
0.905745
1.000544
-0.214458
-2.471404
-2.686636
1.407778
-0.571217
-0.869977
0.164264
1.300590
1.482547
1.162528
-2.586061
1.660211
-0.920718
-0.642074
1.601794
-0.108448
-1.067973
-2.249771
-0.243562
1.448195
-0.798280
-0.411550
-1.781836
-0.438996
0.652489
0.856122
-1.037468
1.439418
-0.136214
-2.142355
-0.658767
-1.353147
1.846517
1.793880
-1.764777
-0.610946
0.772685
0.315843
1.114100
1.314142
-2.448313
-2.183396
0.326313
1.689517
1.622507
-0.483735
-0.176871
-1.188652
-2.321003
0.293417
-0.251390
-0.535083
-0.362197
-1.630646
-2.833250
1.120548
-1.286449
-2.499435
-2.032767
-1.511515
-2.447677
-2.426952
0.483592
-2.598302
-0.208134
-0.123016
1.730080
-2.103763
-1.717633
-2.159072
-1.674149
0.576811
-1.183990
0.454646
0.471147
0.729372
0.326787
-2.393831
0.736944
-0.599459
0.473902
1.554198
0.061901
-2.457929
-2.250313
-0.763396
-2.653983
-1.322378
-0.133303
-0.275903
-2.207014
-2.535573
-0.946238
0.313725
-2.111338
0.112468
-0.089361
-2.779916
0.476557
-0.226614
0.949433
1.282706
1.648716
-0.699595
0.495987
-0.363551
-2.130074
-1.312499
-0.415647
-0.337911
-2.208260
-1.271659
1.559929
-2.749514
-2.039826
-1.784134
-2.534561
-1.745642
-2.384276
1.106231
-2.505095
1.473368
0.564396
0.128319
1.666541
1.671114
-2.806284
-0.584719
0.727481
1.988917
-0.003355
-1.165150
0.405407
1.405110
-0.814511
-1.010983
1.376365
-0.844426
0.730575
0.606318
-2.151159
-1.529279
-2.941484
-1.429513
0.227352
-0.535837
-2.016267
0.630542
-1.529050
-1.998631
1.940130
-1.605163
-2.129263
-0.744333
1.920755
1.867531
-1.234707
0.680551
0.759478
0.556535
-1.486793
-2.451972
1.181424
0.888212
-1.441618
-2.919456
-2.990412
-0.262008
-2.267777
0.421104
1.009470
-1.220989
1.634724
-2.220683
-1.485454
-2.958188
-0.572570
0.057056
0.021877
1.250696
1.844722
1.281528
-1.120019
1.778358
0.904107
-1.731478
0.591609
-1.270954
-2.042808
-2.301489
1.334260
1.614643
-0.475794
-0.897856
1.379773
1.856570
-1.158231
-0.922644
0.210968
0.692096
-2.193993
1.175837
-2.895206
0.050017
-1.549302
-2.099003
1.092497
-0.392496
-1.221086
1.913280
-0.690253
0.289211
1.980511
0.436811
-2.128883
0.399280
-1.011679
0.299976
0.589967
1.821924
-0.298128
-0.178466
0.318317
0.440923
-1.407907
-1.850557
0.521979
1.207186
-1.297530
-2.831315
-0.025585
-0.653269
-1.370664
-2.038134
1.124296
-0.315049
0.022939
-2.840101
-1.921273
-1.366000
-0.191847
-2.209219
-0.290499
-0.065063
-1.470906
-1.496555
-0.330108
0.986601
-0.562863
-0.583280
-1.743363
0.181700
0.998195
-0.282903
1.962380
-2.135659
-0.507051
-2.697697
0.554576
-2.486661
0.713042
-0.336283
-0.619983
-1.084655
-1.424559
-2.987926
1.328693
0.483966
1.794440
0.312788
1.485286
-1.262789
0.980391
-0.722831
-0.523004
-0.682314
-0.246785
1.193331
-0.362659
0.405663
1.685335
-2.976094
0.508450
0.281583
-2.790006
-1.802892
-2.906853
-2.796571
-0.903327
-0.498721
-0.366561
-2.359573
-0.964331
-1.737393
-2.191436
-2.678889
0.895750
-2.640437
-1.235819
-2.222250
-0.316864
-2.684560
1.354064
-1.490017
-0.123820
-0.193272
1.009165
-1.357366
-0.149193
1.773464
0.563378
1.034366
-1.739733
-2.597395
-0.967528
-2.533504
-0.703682
-2.680769
0.040486
-2.338457
-1.789849
0.777941
-2.404751
-2.844349
-2.148132
-1.421981
-1.699601
-1.667978
-1.384782
1.190314
-1.407055
-0.002581
-2.326672
-1.376297
1.247623
1.752146
-1.029410
0.351154
-2.406968
0.781646
1.057761
-0.392971
0.652209
-1.977260
-1.237936
0.760707
-0.160192
-2.193671
-2.442542
1.915085
-2.049484
0.164971
1.537828
1.369620
-0.605920
0.277820
1.052748
0.657043
0.396392
-0.062836
-1.364851
-0.679396
-1.550029
1.312475
-0.773715
-1.180010
0.666535
-2.810664
-0.650606
-0.821204
1.209439
-0.385955
0.914940
1.343440
-2.828194
-2.199988
-1.048314
-1.968707
-2.424106
-1.021061
-2.934393
0.115997
1.804487
-0.699707
-0.454840
-1.013984
-0.557338
-2.206826
0.410488
-0.832930
-2.131698
1.426843
-1.580902
0.572926
1.713370
1.161461
0.552804
-0.733140
-1.327948
-1.327077
-1.497133
0.429658
-1.044184
0.209711
1.018227
0.974061
0.238188
0.008463
-1.077339
-1.732492
-1.028619
-1.887410
1.581368
1.534850
1.042069
1.226179
-0.961779
-1.601204
1.299184
1.495230
-1.994262
-0.336065
-0.390001
-0.822443
-1.663516
-0.719121
-2.933272
0.819059
0.449255
-2.337474
1.016024
-0.339234
-2.439405
-0.248323
0.698667
1.330089
1.730705
1.114220
-0.310605
1.930130
-2.966051
-2.561952
1.667440
-2.937963
-0.956172
-1.202677
-1.492037
-0.430229
-1.078075
-1.606924
-0.383346
-2.303295
-2.364103
0.529126
-1.390514
0.676895
-2.314815
1.023005
-0.475237
1.852950
-1.649846
1.518347
0.966516
-2.505194
0.495265
1.642457
-0.562930
-2.381542
0.655259
0.109110
1.235206
-2.094395
1.557089
-2.897793
1.837630
-2.503677
0.136059
1.381165
1.426828
-1.114310
1.517732
-0.203578
-0.947204
-1.956388
-2.756318
-1.625965
-0.101242
-1.053390
1.458527
1.460376
0.859885
-0.727042
0.111527
-1.076344
0.857849
1.237350
-2.109362
0.955719
-1.298111
-2.212048
1.745180
-1.100884
1.451119
0.094499
1.371360
-2.425552
0.445987
0.942411
-0.762143
-0.847958
-2.219851
1.819152
-1.769926
0.430061
-2.861887
-1.787297
0.129728
-1.295241
-1.341681
-0.488488
-1.790733
-1.744804
-2.582010
-2.392370
-1.931399
-1.041468
0.859787
1.956302
1.157964
-1.295826
-2.012879
0.760190
-0.580320
-0.203360
-2.461190
-2.726973
-0.954101
-1.417182
1.280336
-2.191940
-1.626689
-2.312902
-0.578548
-2.232423
0.849540
-0.293939
-2.334029
1.444045
-1.567157
-2.000375
1.608063
0.777962
-1.936930
-0.546303
1.219340
0.847809
-0.839782
1.047701
-1.363343
1.710469
-0.663882
-0.703244
-0.841591
-0.900036
-1.967602
-1.211409
1.992919
-0.431087
-2.465298
-0.020252
-1.208139
-1.690312
-2.533596
0.048151
0.145387
-1.915183
-2.368042
0.499773
1.975108
-1.073296
-0.494650
-0.889219
-1.484522
-2.905251
-0.547673
-2.153283
-2.872644
-0.429636
-1.789794
-1.257233
1.520084
-2.323491
0.197585
-0.242882
-0.976528
0.345702
-1.656961
1.050394
1.086814
-2.270585
1.941249
-0.849209
1.924146
-1.850308
-0.625552
-2.900601
-1.871527
-1.959038
0.882204
-0.626459
-2.553405
1.978462
1.655562
1.293875
-2.229347
-2.202942
-2.408810
-2.097510
-0.272793
1.490636
-1.082945
1.121759
1.662390
0.377307
1.409192
-0.904172
-0.133358
-2.842693
-2.380077
-1.836330
-0.566298
-0.517772
-2.108617
-0.193736
1.887076
1.855916
-1.415015
-0.914702
-0.296891
-0.256109
-2.814203
-1.949958
0.230597
-0.424913
-1.753652
1.501154
-0.004361
0.018252
-0.677796
-1.620454
-2.709911
-0.477857
0.266396
-2.408385
0.062087
1.284428
-0.604486
-1.519624
-2.884717
-2.071373
-2.326605
-1.603098
0.911636
-2.475536
-0.392668
-1.780743
0.312957
1.623847
0.868901
-1.362737
-2.624972
0.806441
-0.656418
0.382752
0.130697
-0.955459
0.090688
-1.564637
-2.967991
-0.017529
-1.606412
0.939631
0.388722
-2.377694
1.254417
1.141832
1.973158
0.847526
-0.629673
-1.228117
-0.650865
0.549631
-1.183367
0.643518
-0.248353
-0.313767
-1.819016
0.949731
0.777554
0.634709
-2.560232
1.376294
-2.125524
-1.615931
-0.538598
-1.390098
0.576449
-0.380477
0.981314
1.757545
-0.394707
-2.988681
-1.924413
1.665948
-0.373574
1.183115
1.640708
1.167080
-1.717804
-0.394727
-1.884020
-0.653671
-1.177264
-1.676121
1.787591
-2.849813
-2.396925
1.265860
-1.699670
-1.517865
-0.974589
1.583803
1.874768
-1.609887
0.001465
-0.614835
-1.358574
1.723813
-2.763239
-0.127315
-1.844169
-0.399498
-2.959088
1.242513
-1.850895
-1.578088
-2.384081
0.907071
-2.754855
0.569729
0.120129
0.256635
1.095389
-2.779569
-1.185076
-0.546470
1.267327
-1.578530
-1.715134
0.284540
1.357664
-2.768154
1.797040
0.737643
-1.526970
-1.358867
-2.033811
-2.120357
-0.339049
0.791417
-2.939521
1.068925
-2.893211
-1.782084
-2.348112
-0.943777
-1.796847
-1.596682
-0.478061
0.078721
-1.379357
-2.013797
-2.893419
0.453406
0.431108
-1.766619
-1.365020
-1.255192
0.845418
-1.956910
1.988626
-2.837967
-0.671866
0.091011
0.766094
1.193477
1.516181
-0.076060
-1.556767
1.012672
1.609200
1.662055
-0.372366
-2.280730
-2.435912
1.750973
0.951597
1.992719
-2.347215
-2.890993
0.839092
-1.855651
-0.255011
-2.084546
-1.698999
1.113805
0.075921
0.049393
-1.010240
-1.245692
-2.581472
-0.782298
-1.365678
-2.974093
-2.325106
-2.068503
0.764143
-0.050934
0.298243
-0.561864
1.940515
-2.220805
1.885862
1.974943
1.924101
1.372796
1.433113
-0.999447
1.309283
-2.177518
-1.308104
-0.834928
-2.376353
-0.911289
-0.932967
1.732996
1.963696
0.580402
0.613223
1.491820
0.453174
0.384772
0.576217
-2.529868
-2.373789
0.860292
-2.295221
-1.086260
-0.499340
-1.035336
-1.419200
0.453446
-1.456431
0.573808
-0.052543
-2.772203
-1.636185
0.953299
1.850109
1.553066
-0.359317
0.497467
-1.759882
1.950901
0.225231
0.141852
-2.921806
0.359903
-1.493096
-0.095779
-0.332511
1.789895
-2.560626
0.964545
1.075280
0.098530
-1.108270
-1.071923
0.435587
-1.411356
-2.809725
-0.518607
-2.521629
-0.238834
-0.664134
-0.887061
-0.540582
-2.050459
1.757283
0.896836
1.232488
0.588341
1.867037
-0.710176
1.179371
-2.668654
1.130322
1.041749
0.313818
-1.447416
-2.659673
1.684969
-1.533859
-0.785749
1.962459
1.644491
-0.801831
0.361447
0.056596
0.924462
1.636643
0.612494
-0.132878
1.876381
-2.158766
1.251708
-1.918101
1.585037
0.740156
-2.192686
1.870190
1.892894
0.270800
1.203417
-2.718889
-0.965672
-0.305634
-1.847255
-2.706534
-0.054890
0.524418
0.478291
-0.166160
1.318310
0.278808
-2.709625
-2.257195
-2.581628
1.916535
-0.668216
-2.804693
-0.188699
-1.308563
1.281671
-1.751418
-0.024112
-0.157629
-1.189371
-1.875828
-0.572306
1.219348
-2.592287
-0.105940
-2.278077
1.526560
-0.279677
-0.316934
0.828879
1.253352
1.812137
-2.283676
-0.924474
0.462646
0.353472
-0.474692
-1.566974
1.634281
-0.551987
-1.071648
-1.093559
-1.547120
0.652591
0.754803
-0.366174
-1.153231
0.366420
0.849696
1.286761
-1.282302
1.289606
0.749627
-0.477879
-0.414221
-0.998123
0.559748
-1.121387
-1.678685
1.768791
1.355839
-0.612780
-0.247489
-1.033103
-1.583392
0.678082
-0.999227
0.549815
-0.663687
-0.084385
-2.372757
0.584888
1.333145
-0.155649
0.431423
-1.285934
1.972773
-2.540494
-0.411755
-2.456398
0.928194
-1.276091
1.188536
-2.670498
1.439700
0.359542
-0.673910
-0.836114
-1.794438
1.426544
1.743547
-0.202484
1.895791
1.774763
-2.067383
-1.027115
0.336070
1.796297
-0.522702
-2.994651
-1.164956
-0.012458
-0.749407
-1.630558
0.925614
-2.313204
-1.072531
-2.780135
-0.263183
1.489251
1.759085
-1.055429
0.259634
1.915976
-2.154372
-2.052465
-1.072979
1.236388
0.407609
-2.731544
1.676737
1.103811
-1.376165
1.595988
1.741668
-2.690056
-0.525451
-0.596830
-0.307992
-1.086515
1.553856
-1.809788
0.565762
1.969858
-1.959580
1.192572
0.218580
-2.027724
-1.629805
-0.123967
-1.308007
1.674909
-1.928614
-2.854239
-2.927531
-2.447212
0.445332
-1.118318
-0.471525
0.035845
0.613396
1.250808
-1.339084
0.424310
-2.979028
-2.298895
0.526701
-2.017929
0.021393
0.075388
-2.007651
-0.385554
0.551977
-2.790408
0.501082
0.535446
0.846323
0.301824
-2.741125
-2.767725
0.829913
1.161153
0.869316
-2.823155
1.347306
-2.639475
-1.197195
-0.009662
0.412620
-1.495934
-1.255831
-0.330318
-0.331021
-0.254741
1.574202
-0.620752
1.577418
1.226470
1.818600
0.893229
-1.363692
1.336304
1.494949
1.949742
-2.569443
-1.789929
-1.209860
-1.339219
1.250601
1.852397
-0.877130
-1.789875
-1.425248
-0.091960
0.159602
-1.404228
-1.175835
-1.143160
-0.162515
0.740983
0.051726
1.340031
-2.570779
1.084701
-0.763037
-2.659494
1.940399
0.909924
-0.518384
1.281450
-2.987509
-2.086968
-1.655668
1.814253
-1.386965
0.843806
-2.720399
-1.572629
-1.657603
-0.646854
-2.931201
-1.737534
1.440526
1.232886
-1.686187
-1.689124
-1.799526
-2.669969
-2.873687
0.977587
-2.566545
-0.273445
0.604107
0.769083
0.221872
1.707493
1.326630
-1.684108
-1.638050
-1.942618
-2.095335
0.260389
-2.058207
-0.816975
1.094147
0.282493
-0.098748
-2.813841
1.994660
-0.048228
-0.111880
-0.452747
1.711045
0.714080
0.697678
-2.836691
-2.361373
-2.672148
0.747688
1.739827
-2.207166
-2.892395
-2.796651
-0.735571
0.866551
-1.134947
1.609995
0.332808
-1.065515
-2.325367
0.253646
0.507547
-2.844162
-0.054618
-1.319042
-0.331872
-0.601672
-1.079432
1.870127
0.404388
-1.919506
-1.653490
-1.576059
-2.738832
0.038646
-1.020467
0.142858
1.064111
1.585704
-0.005648
-0.880268
-2.209878
-2.975430
-0.359012
-1.146261
0.888439
-0.148278
-0.914856
-0.260517
1.426810
-1.106663
-1.659353
1.415548
-0.474356
-1.461280
-0.875001
0.854563
0.744218
-0.830043
-1.923963
1.704553
-2.527279
0.472421
-2.494696
1.573306
0.540222
0.545742
-2.746770
1.859113
-0.983558
0.498644
-1.972030
0.697767
-0.613017
-1.600991
-1.285844
-2.977722
1.315258
-0.466469
-1.569342
-2.937759
1.781824
0.376246
-2.657898
1.024345
-0.316074
0.649820
0.033166
-2.494690
0.287504
-0.235602
-1.152379
-1.725308
0.545738
-1.793735
-2.703830
-0.904215
0.025448
-2.763000
0.616850
-0.026522
1.364843
0.123733
-0.176435
1.072937
1.799104
0.682856
-2.115082
-0.511792
0.416942
-2.069473
-0.195991
1.369945
-2.342957
-0.778065
-2.479214
0.261197
-0.752437
-2.726042
1.914077
0.850550
1.955220
0.681264
-0.310180
-0.653763
-1.016969
-1.802213
-1.868411
-0.631456
1.579973
0.083254
-0.076404
-1.122814
-2.392076
1.415550
1.818613
-1.066419
-0.199145
-1.856454
0.113317
-0.036409
1.069602
1.864457
1.600438
-2.972454
-0.469883
-2.418257
0.965093
-2.610766
-1.763587
-2.637809
1.014842
-1.990955
0.692987
1.559478
1.862077
1.147668
1.883629
-1.838815
-0.558100
-2.486819
0.789255
-1.995680
-2.251038
1.009357
-1.771896
-1.845046
1.088621
-1.963538
1.684433
-1.754616
-0.547646
-1.689281
-2.063015
-0.664227
-1.808147
0.526445
-0.082696
-1.469990
-0.639524
0.959553
-0.972625
-0.482948
-0.610889
-0.876409
0.403008
0.803316
-2.446083
1.261055
0.206046
-0.853204
-0.652999
0.576031
-2.604152
-1.983981
-0.408969
-1.873471
1.342857
-1.462729
1.004708
-1.798709
0.677227
-0.199010
1.092661
-1.280622
-2.328795
-1.730170
0.212108
-1.084843
-2.910089
-1.065545
-0.842561
0.036311
-0.658325
-1.485492
1.465507
-1.688768
1.007215
-1.236436
1.494513
-2.056394
0.152994
1.249846
0.151929
-1.848690
-2.784943
-1.519445
0.012194
0.158127
1.396381
1.512443
0.092997
0.857110
-0.607145
-1.714368
1.192427
0.953680
-0.885036
1.171962
1.468029
0.994531
1.157049
1.599272
-0.536828
1.954869
1.819489
-0.130213
0.013566
-1.910634
-2.372812
1.274053
-2.937860
-2.924816
-1.465558
1.827385
1.901526
0.056161
-0.746730
0.634677
1.470273
1.967923
0.887765
0.967392
-2.113068
-2.096715
-2.633583
0.287211
-1.951782
-2.289484
-1.362174
0.214719
-1.549527
0.342586
0.451551
-0.387798
-0.634100
1.462311
-1.055043
0.619871
-2.618495
-2.397069
-1.286932
-0.627982
-0.156075
1.953427
0.900543
-1.571192
1.227669
-1.053696
-2.850218
1.369807
-2.515607
-0.297893
-1.134173
-1.802314
1.972818
0.965740
0.972771
-1.417130
1.312624
-1.080757
-1.801928
1.701446
0.841190
-0.807924
-1.283133
-2.077131
0.373333
1.430634
-0.148501
-0.707862
-0.773032
1.851622
-0.797252
-1.790622
-1.418286
0.645953
-0.607044
-0.739198
-2.729724
0.150760
-1.496803
-0.774113
-2.316504
0.342796
0.483493
-2.343173
-0.331531
-1.077804
1.026690
0.290648
0.950422
-0.751184
-1.670038
-1.516721
0.274608
1.943076
-1.991178
-2.774002
-0.486467
1.287074
-2.343189
1.354774
0.545750
1.736381
0.862430
-2.140107
-0.472274
-2.547299
0.418082
-2.147063
-2.543995
0.269367
1.706787
1.660514
0.198933
0.599366
-0.220765
-2.302162
0.423566
0.261003
-0.445742
1.068440
-1.332945
-0.128412
-2.940510
-2.002980
-2.567490
-2.399441
-1.280959
-1.645225
1.339122
1.867701
-1.033532
0.563828
-1.548244
-0.374921
1.230079
0.844942
1.254207
1.306421
1.841991
1.547261
-2.182034
-0.330838
-2.707481
1.195005
1.932838
-1.055491
-1.637855
-1.864530
-0.470526
-1.733902
0.409009
1.363945
1.336387
-1.597786
-2.359307
-1.636915
-1.791766
-2.781667
1.454431
-0.930621
-0.471018
1.521071
0.537557
0.573580
-2.113566
-2.615352
1.740153
-1.351788
-1.793442
-1.816715
0.757936
0.019863
-1.335413
1.928527
1.772891
-2.048913
0.917995
-2.682827
-2.645032
1.153714
-2.372894
-1.214032
-0.179976
0.611938
1.419604
0.756226
1.936885
1.752858
-1.721828
-1.241139
-0.415334
-1.656289
-1.106048
-0.030796
1.233281
-0.986481
-1.670879
1.299776
-2.665085
-1.534158
-1.851594
1.622475
-1.498817
-1.229174
-1.349583
0.751101
-0.696388
-2.283374
0.249098
1.816697
0.576896
0.297849
0.124079
0.544376
-2.216941
-1.050196
0.923522
0.809077
0.165965
1.850097
-1.196669
-2.190082
1.681971
-0.320513
1.781011
-2.417756
-0.248895
-1.249107
0.196280
-2.556967
-0.700555
-2.629958
1.193249
-1.588490
1.141180
-2.459447
0.885653
0.604477
0.627162
-0.801333
-2.059090
-0.759933
1.276960
-1.680175
-0.365305
0.561272
-0.136629
-2.514570
-2.923680
-2.151608
1.881238
-1.938050
-0.125327
-0.610461
-2.399614
-2.016433
-1.028662
1.886376
-1.010831
0.258850
0.619872
-0.008135
-1.981504
-0.326515
-1.838993
-0.724301
1.622122
0.957384
-2.677301
0.881153
-0.290284
-0.955748
-2.289502
1.288978
1.008959
-0.740485
0.030175
0.334453
-2.133039
-1.348784
-0.713264
1.763300
-0.740294
0.403172
0.716067
-1.622399
0.566408
1.383435
-1.294919
-1.705396
0.553279
1.967896
-1.513826
-2.929508
-2.194582
-2.060433
-0.840361
0.978876
1.370189
-1.981712
1.062842
1.761414
-0.887123
1.186430
-0.872556
1.549182
0.147038
-0.260286
-1.093415
0.125349
-0.573492
-1.958029
-1.764079
-0.249477
-0.684186
-1.880062
-0.700135
0.940966
-1.663158
1.884080
1.970968
-2.128217
-1.531917
-0.943326
-2.481469
-0.596676
-0.083982
-0.729455
1.043505
1.182242
0.104987
-1.215106
0.037045
0.744064
-1.648863
-2.056889
1.514922
-2.581946
-2.332511
-0.030938
-0.419171
-2.388089
0.597569
-2.010074
0.143963
0.382098
-0.196326
0.834946
0.480211
-1.267093
-1.512074
0.331438
-2.734501
-0.529688
1.343189
0.299592
-0.501963
-0.189702
-0.752052
-0.397529
-1.314028
-1.761832
-2.178673
-2.378632
-1.863464
-2.636882
-1.782899
-2.931078
-1.489530
-0.403612
-1.961833
1.326454
-0.324239
-0.510427
-1.247606
-0.189112
0.790215
-1.740072
-0.319679
-1.957703
-0.688626
-0.746711
1.111621
-0.323809
0.576271
-2.384910
0.670201
-1.243629
-1.734989
-2.852230
-2.591383
0.364048
-1.486836
-0.365045
-2.304021
-2.191000
-0.077785
-2.021681
-1.606883
-2.505981
1.397225
-2.410292
0.481018
-2.469900
-1.903078
1.559136
1.949868
-0.942189
-1.525103
-1.585510
0.654146
1.161282
-1.048479
-1.124390
-2.443417
-0.252671
1.207505
0.453356
-2.038928
-0.993968
1.490788
-2.535247
-0.160987
1.317070
-0.735242
1.010350
1.724976
-2.045365
1.009066
1.669269
0.088919
-1.144125
0.664574
-2.102847
1.379385
-1.089521
-2.628910
1.414680
-1.307070
0.467327
-1.475099
-2.773255
1.502755
-2.850639
-0.025475
1.624559
-0.213981
-2.722793
-2.845749
1.882797
-2.533314
-1.497641
-2.329734
0.818015
-0.112504
-0.476541
0.328900
-2.703313
1.270572
-1.219159
1.972645
-1.101409
0.076189
-2.825688
-2.576393
1.616160
1.664371
0.533727
-2.864897
-2.491765
-1.316161
-2.688812
1.086206
1.026390
0.105420
-1.710116
-2.612157
-1.124083
-1.184906
-0.499695
-1.578027
0.799109
-1.162166
-2.922529
1.162703
1.954736
-0.378366
-0.938451
0.585628
1.162204
-0.040600
0.469770
0.099118
0.194935
1.702521
-1.595768
-0.720730
-2.395807
-0.458700
-2.985752
-0.879576
1.473320
-0.501643
-0.855878
-1.400471
-1.364225
-1.858292
1.349265
1.564021
-1.650315
-1.560664
0.452830
0.113656
-1.792549
-1.503214
-0.568647
-1.113779
-2.749207
-0.530496
0.560756
0.750007
-1.286236
0.686946
-2.758184
0.006343
-1.627292
0.396944
1.097127
-1.116066
-2.375676
0.195085
0.633754
-0.166803
0.278879
-1.521866
-2.303055
-1.372890
0.566242
-1.749820
1.547478
0.447575
-2.665428
-0.309439
1.080102
-1.713094
0.144531
-1.512336
0.167539
-2.565756
-2.957967
-0.133837
-1.091778
1.033405
1.248420
-1.519757
0.343848
1.461610
0.276426
-2.947627
0.320907
-1.322202
-1.160865
0.232410
0.373787
-0.648108
-0.399223
1.797874
-0.494113
-2.804378
-0.450557
0.124768
0.497920
-0.650084
0.005902
-0.253476
-1.557279
1.161759
-0.187485
1.477408
0.746854
0.002732
-0.211664
0.562625
-2.177049
1.204599
0.065014
1.758734
-0.174206
0.686950
-0.421624
1.128503
-2.453724
1.447937
-1.436807
0.251391
-1.570001
-0.962274
-1.291418
0.072383
-1.734782
1.934875
0.644018
1.639451
-2.868070
0.242836
-0.464279
-2.745740
-0.015581
-1.169896
-1.864674
-1.901904
-0.415061
1.990059
-1.499780
-0.131446
1.429978
-2.609504
-2.768054
-0.077918
1.380970
-2.044512
-2.070441
-1.381297
-1.296137
-0.387485
-0.131671
1.468792
-1.008448
-1.196316
-2.088619
-2.454834
1.594537
-1.795800
-2.941818
0.993409
1.510928
0.105827
-1.566614
-2.890559
0.948922
1.529994
-2.399498
-2.241094
-1.168808
-0.544956
-1.670329
0.553370
-0.038638
-1.099714
1.628575
1.936432
0.004707
-0.363355
0.931511
1.001531
-2.133862
-1.072187
-1.435287
0.543401
-2.657714
0.887091
-1.231477
-0.784877
-2.076385
-1.418695
-1.549202
1.083941
0.341738
0.986911
-0.823729
-1.220283
-1.202510
-2.805517
-2.667135
0.155190
-0.769680
-2.581349
-0.644868
1.565815
0.133075
-0.290462
-2.956687
0.807283
1.276896
-2.839700
-0.901032
-2.155400
-1.729562
-0.343051
-0.091646
-0.201371
-2.876861
-2.304494
1.404844
0.721730
1.201595
-0.064175
1.596008
-1.053685
-1.005209
-2.841167
-1.582699
0.193190
-1.287743
-0.744500
1.211185
0.740004
0.239944
0.804234
1.372188
0.359399
-0.596214
1.613372
0.575603
0.556741
-2.027506
-0.994553
1.509008
-2.748721
-0.093342
0.245587
1.923470
-0.397732
1.665370
-0.640509
-2.775846
-0.586158
0.006130
-1.680629
-2.440702
-1.876991
-1.385259
-0.244322
-2.887255
1.899081
-2.800920
1.031443
-2.561739
-0.612625
-1.531170
-0.793848
1.673326
1.704766
1.526949
-0.633580
-2.126856
1.187872
1.592100
-2.576310
-0.732440
0.768991
0.752413
1.039565
-1.179790
0.680734
1.431780
1.380373
1.762389
-2.042103
1.032656
-2.117297
-0.596410
-2.070482
1.017960
0.326234
1.400263
-1.528063
1.927636
-2.428681
-1.656933
1.293827
-1.198108
-2.402834
-1.093556
-1.155687
-1.481809
-2.444390
-1.760971
-0.071869
1.442522
-0.546525
1.853295
0.135712
-2.535301
-2.477935
-0.608904
1.681979
-2.282708
0.851684
-0.033029
-2.565172
-2.927862
-1.853717
-0.850572
-2.429453
-0.583093
-2.049364
1.900239
-2.987659
-1.648410
-1.388796
0.095026
-1.372744
-2.412774
-2.942009
1.442860
0.146884
-0.576601
1.658266
-0.655616
1.797039
0.852853
-2.714998
-0.841565
-0.575709
1.076056
-0.865133
-2.835500
1.966988
-1.969510
-1.534478
-1.456453
-0.470770
-2.053983
-1.211309
-1.842950
-1.832485
0.931175
-1.718380
-1.854609
-1.743113
-1.479127
0.764349
-2.002799
-0.294676
0.110379
1.513079
0.333063
-2.807077
1.289088
1.499703
-1.160024
0.387513
1.476156
1.153041
0.889148
-0.760205
1.339801
1.722684
-1.725472
-1.207904
-2.845179
0.367248
-0.919115
1.919039
-1.302684
-1.683478
-0.930723
-2.950370
-0.566030
1.746766
-1.534119
1.763625
-0.089737
-2.973455
0.158391
0.793348
-1.700603
-1.011540
1.354802
-2.291279
-0.935665
-2.956675
0.987664
1.495241
0.435222
-0.264232
-2.706917
-2.253006
-0.911690
0.221436
-2.326493
-1.586393
-0.217710
0.989228
-1.093770
-2.944703
-0.323621
-1.134639
0.342502
-0.644791
0.082520
-2.149947
1.329522
1.379550
0.015848
-2.125379
1.748535
-1.057849
1.994814
1.129897
-2.225245
0.728814
-1.436082
-1.831618
-1.688833
-2.511807
-1.222266
-2.668386
-1.858133
0.859072
1.628755
0.834657
-2.498639
-1.767681
-2.153894
-1.628372
1.429775
-1.855261
-1.117600
-1.183540
-1.406431
1.495678
-2.170045
-0.501456
-1.364915
1.311243
0.629508
-2.914054
-0.158009
-1.272506
-0.784000
0.957917
-1.872494
1.046444
0.385427
0.445090
1.707505
-0.053798
-1.355286
-0.666296
-1.064593
0.578998
-2.601553
0.120774
1.625535
-1.619793
0.035689
1.890408
1.246856
-0.432739
-0.594294
-1.247318
-0.289407
-2.658456
-1.840668
0.874441
-0.867501
0.496443
-1.942634
1.239025
1.007230
-0.272921
-0.800852
-1.275120
0.671815
-0.047661
-2.280815
-0.366569
1.518408
1.057456
1.970494
-0.219968
1.088295
-1.092900
-2.944603
1.966481
0.056097
0.486213
-2.000227
0.179151
1.717304
-1.303045
-0.656231
-2.123361
0.661674
-1.275725
-2.312684
1.136078
-1.077152
-0.693787
-1.030839
-1.450087
-2.826449
-1.045076
-1.076413
0.394335
1.019480
1.888324
-2.269905
1.281987
-1.011247
0.585880
1.485959
0.518765
-1.825351
-1.257394
0.454768
1.606573
0.091661
-2.287530
-0.878028
0.254953
-2.811720
0.351782
-0.112062
1.887496
-1.069726
0.747021
-1.443598
1.729479
1.425004
-0.671232
1.392630
1.230766
0.985170
-0.433692
-2.941184
-2.471605
-2.097288
-2.683075
-1.920287
-2.487702
0.553983
-1.551194
0.551015
-1.737097
-1.453413
-2.380633
-2.502810
0.599865
-2.625837
-0.964948
-1.954071
0.110936
-1.283549
-1.957599
-0.986217
-0.213639
0.826496
-0.029318
-2.355702
0.396861
-2.148257
-1.205091
-2.789585
1.118573
-0.650589
1.631720
-2.921062
-0.402359
-0.980746
0.664561
-2.627099
-0.643497
-1.230944
-1.889609
-0.332647
-2.731850
-0.656344
-1.519941
-0.785827
1.966266
0.405592
-2.247982
0.653879
0.058285
-1.930585
-1.588465
0.031240
0.284950
-0.673733
-1.943882
-2.835655
-2.991077
0.124520
0.335665
-0.482919
0.804864
-1.206041
-2.080735
1.166782
1.822798
-1.086260
0.345812
-2.934714
-0.344877
-0.744478
1.588814
-0.482113
-1.907282
1.200270
0.123247
1.662644
1.271898
-0.405562
-0.203635
1.518653
-2.652371
-2.400251
-0.061619
-2.759421
0.941076
1.719285
-0.584251
1.978040
-2.819877
-1.491573
-0.850102
-2.254952
-0.422909
0.303941
-0.285034
1.334288
1.282639
-2.820301
-1.379126
0.719665
0.175955
0.930750
-0.864243
1.157266
-1.657160
1.898983
-0.129374
1.430089
-1.615921
-0.657486
-2.683806
-0.780010
-1.943293
0.500110
1.704581
-2.329295
-1.842087
-2.908995
-2.571542
-2.926720
-0.353036
-1.959122
0.152772
0.355417
1.043718
1.496561
-1.111005
-1.509983
-0.974704
-2.923394
-1.815285
-2.691638
0.109957
1.111054
0.649512
-1.941015
-0.211321
-0.219898
-2.748993
-0.859742
0.693916
0.735672
-0.533540
-0.460709
-1.493616
-0.492015
-0.753572
-1.386497
1.048079
1.848913
-2.374620
-0.907401
-0.650535
-2.137131
0.645393
0.782999
0.563181
0.634717
0.220848
1.329837
-2.805551
1.967118
0.815318
-0.203786
0.678227
-1.254998
-1.615241
0.336173
-1.423880
1.734930
0.694419
0.723120
-1.776526
0.086341
-1.690332
-2.751065
0.498920
-2.028277
-2.554635
-0.482229
-2.295354
1.050267
1.968395
-1.650794
-0.102868
-2.244548
-0.481198
0.365712
0.855267
-1.899426
-2.899146
-0.941150
-0.163497
-2.396807
-1.632151
-2.000976
-2.748736
-0.895340
-0.460099
-2.553582
-0.014139
-2.950741
-0.858182
-2.060747
-2.697461
1.770390
-1.195322
1.480886
-2.324087
-0.136881
0.120431
-2.282398
1.440369
-2.447882
-2.914885
-2.254382
-2.308181
-1.771400
-1.260419
-2.473103
-2.781084
1.824521
-2.280030
1.081658
-1.407287
-2.528958
0.663393
-0.073832
1.272085
-0.026626
-2.067609
1.914513
0.870471
1.278380
-1.323446
-0.252133
-0.651352
0.098704
-0.158161
-1.715911
-2.464491
0.406761
-0.049189
-0.998725
-1.298801
1.252725
0.683540
-0.571174
0.441684
0.021970
1.376272
-0.604557
-0.982106
-1.626844
-2.573389
-0.043451
0.564073
1.737091
1.570377
1.484993
-2.905036
1.317024
1.209863
-2.819555
-2.349701
1.322614
-1.551925
-2.277045
0.153121
0.255666
-1.254822
-2.546102
-2.414497
-2.946662
-0.753826
-0.019115
-1.721360
0.377497
-1.551582
-2.976642
-2.764804
-2.980178
0.720897
-2.836853
-0.884118
-1.394258
0.636533
0.923804
0.499070
0.678507
-2.597571
0.633592
-2.987849
-1.378418
-1.577057
-1.515576
1.421908
-1.443372
1.019272
0.620669
-0.995293
0.657308
1.384931
-1.092114
-0.463006
-1.974656
-0.300242
-2.444372
1.782545
1.664192
-1.931602
-2.939929
0.102413
-1.291320
-0.739964
-0.060349
-2.458340
0.784271
-1.015489
-0.504391
-1.947542
-2.370822
-0.424779
0.693405
1.258295
1.511812
1.158535
-0.208305
1.620027
1.845935
-2.133279
-0.212122
0.810378
-0.374760
-0.252983
-2.408757
1.226074
1.974161
1.345652
-1.612882
-0.217729
1.632265
-1.976358
-1.444414
-2.156557
-0.632201
0.502502
-0.419824
-0.153886
-2.895328
1.590412
-1.478791
-2.747625
-0.628043
-0.930518
-2.514701
1.481251
-2.280848
1.735690
-0.764333
-0.300523
-0.096060
1.951990
0.284819
-1.361904
0.808098
-0.974782
-0.582942
0.647979
1.111976
-1.202903
-1.365643
-1.248909
-1.940727
-1.041872
1.846138
-2.275572
-2.644748
1.228714
-0.052787
-2.854482
0.099138
-1.953483
-1.338163
0.208001
-1.787610
-2.573663
1.828844
-2.285510
-1.110321
-2.509192
-1.104206
-1.276291
-1.128657
-0.526476
1.050788
-2.254514
-2.246640
-0.674120
0.430214
-2.542348
-0.896528
-1.418998
-1.403678
-0.209196
-1.396790
-2.960670
0.692977
-1.403990
-1.413428
-2.128168
-1.328252
-0.122729
-0.513316
-2.884054
-2.487407
-2.622756
-1.736877
0.809895
-2.420191
-1.215141
-0.482292
-2.085206
0.285475
0.782428
1.695861
0.060972
-0.133614
1.436960
-0.391244
0.807394
-2.597294
0.132650
1.380408
-2.427646
0.329088
-2.619182
-2.444239
-0.656843
-1.117821
-2.664873
1.844876
1.012726
0.706035
-2.857745
-2.535207
0.443782
-1.216165
-1.020836
-0.261055
-1.984852
-2.653323
-0.826355
1.310870
0.379395
-1.568165
1.712202
0.285967
0.939422
-0.417794
1.554928
-0.788141
-2.027921
0.290836
-1.267975
0.822742
1.673384
0.169213
-2.320366
-1.932178
-1.735164
-2.544851
1.079478
1.137327
0.551609
-0.550495
-1.008838
0.823685
0.690084
1.129487
-1.107561
0.852332
-1.850189
-1.488005
1.872295
1.643457
1.249254
-0.678709
1.962294
1.179486
1.375373
-0.393209
0.147092
-0.789446
1.738665
0.668515
1.871445
-0.251915
1.673844
1.623136
0.180375
-0.540360
-2.178089
-2.137242
-1.186218
-2.821283
-0.023345
-0.744312
1.165195
-0.924824
0.792903
0.264389
-1.119319
-1.099705
0.583082
-1.773974
1.584163
-0.433100
-0.611266
0.608129
-1.145544
0.776459
-0.297251
-1.108634
-2.145607
1.231497
-1.950453
-2.186346
0.833817
-0.056353
-1.655288
-2.919956
1.277812
1.960808
-0.151074
-0.186535
-1.675158
-2.093736
1.018357
-2.847793
-1.428425
0.986698
1.875764
1.256341
0.458931
1.786238
1.432489
-0.521426
-1.853116
-0.704122
-0.125944
-1.383166
-0.396177
-0.323963
0.872585
-1.478443
-1.981128
-1.703277
1.131387
1.264314
-2.801678
-2.056530
-1.121434
-1.462020
-2.411145
-0.172251
-0.103732
-2.912847
-1.026560
1.825979
1.481934
-0.133281
1.773801
0.724133
-2.327069
-0.218967
0.836107
0.450383
0.203396
-2.905183
0.268151
0.710321
0.982767
-0.540478
-2.060600
-1.989717
1.262349
-0.047722
-1.627450
0.058098
-1.103595
-0.180418
1.850409
-0.806854
1.943648
-0.323333
-1.574119
-2.767959
0.936218
-1.366858
-0.428673
-1.704478
-2.184654
-1.785632
0.499729
1.702428
0.446718
-0.078684
-0.570793
0.216473
1.926355
-1.730992
-2.400912
1.906294
0.113400
0.525101
0.911922
1.726064
0.553217
-2.376143
1.561831
-1.177088
1.954659
-2.311454
0.367729
0.104670
-0.599475
-1.809929
-1.706020
-1.097247
-1.634353
1.202073
-0.542812
0.131404
-1.484970
-2.853760
1.374066
1.821494
1.082840
0.649606
-0.752625
-1.258091
-1.843951
1.507598
-1.494296
-2.772257
-0.152096
-0.318011
0.215633
0.818958
1.785488
1.611737
0.816336
-1.859844
1.572666
1.345170
1.005451
-2.831375
-1.976959
-0.705133
-1.790467
-1.119397
1.238047
-2.664944
-2.698426
0.258707
1.770402
-0.399634
1.859915
1.718535
-1.070536
-2.847480
-0.319628
-0.994897
1.909424
1.921895
-2.415665
-1.406092
-2.046536
1.093535
1.472941
-0.209920
1.955118
-2.080809
0.873166
1.266489
0.398468
0.161853
0.623605
-1.277729
0.618407
-1.314639
-0.889749
-2.676759
0.051990
-1.739029
0.848316
-0.242904
-2.989814
-0.306185
1.674709
-0.711945
-2.949553
-0.156070
1.256679
0.515577
-2.699733
1.799407
-0.708698
1.948352
-1.798055
-0.141361
0.384477
-1.690100
-2.563630
-2.069768
-1.911301
-1.008614
-2.325544
1.427213
-0.699767
0.364795
-1.178226
-2.135535
-1.050677
0.620108
1.067122
1.219807
-0.102857
1.771335
1.913629
-0.890928
0.697622
-2.809389
0.422378
0.902203
1.068523
0.595512
1.763463
-1.291806
-1.880901
-0.828894
-1.955211
-0.733467
-0.325882
-0.061158
0.932987
-1.718197
0.551090
-0.721282
-2.109630
-0.750812
0.436496
1.303341
1.779790
-2.948847
-1.046446
-0.893128
-2.426432
0.847630
-1.744761
-0.606349
0.936980
-1.999977
1.964651
1.613616
0.111498
1.410688
-2.273655
0.162118
-2.514685
-2.395318
-1.905188
-2.138420
-0.815665
1.387494
-1.290457
1.733198
0.537529
-2.912332
-2.749379
1.525454
1.935651
-1.796630
-1.536345
-0.121674
-2.626584
0.173199
0.347182
-2.790846
1.370111
-2.749894
-1.627162
-2.091985
1.650075
-2.959598
-0.139325
-1.801582
1.454688
0.446631
0.037000
1.030863
-2.139676
-0.036949
-0.379118
0.508355
-0.421535
-1.684099
-2.045460
1.471721
-1.047684
-0.816720
0.815966
-0.105021
1.851331
-0.474894
1.264547
0.291788
-0.685704
-0.873493
-0.875050
-1.339609
0.484519
-1.650904
1.241238
-0.569015
-1.986681
-0.507440
-0.355640
0.646245
-0.493303
1.627662
1.999153
-1.316853
-2.765592
-2.918727
-2.234092
-0.706114
-0.418239
0.924739
0.309929
-0.434546
-2.624539
-1.195540
1.328093
-2.875787
-1.267602
-0.161403
0.536424
1.696103
1.317132
0.302143
0.640675
-0.886361
-1.810303
1.154338
-1.188701
-0.481626
0.830974
1.039301
-2.635054
-0.819489
-1.596743
-0.590282
-0.445432
-1.264496
-1.446972
1.934622
1.774833
-0.792139
-0.764005
1.873929
-1.368047
-2.379379
-2.497741
-0.641635
-0.013151
-1.735746
-2.091570
1.979167
-1.176325
-1.518044
-0.769582
-1.877442
1.537738
0.094233
0.603609
-1.906325
0.748293
-1.235480
-0.648140
1.702422
0.234657
-0.438132
1.975694
0.552826
-0.692199
-0.190993
1.449061
-0.546813
0.727273
-1.846847
-2.025548
-1.717133
-2.143675
-0.752213
-0.695198
-1.051766
-2.281126
-1.594798
-0.631834
1.097483
-2.241890
1.566831
-0.384999
0.250864
-2.852844
1.120160
-2.785127
-2.227302
-1.626348
1.724108
1.279773
-0.473147
-0.626127
0.085334
-2.687228
-0.686162
0.965547
1.458399
1.163390
1.520756
-2.705161
-2.658229
0.045776
1.038082
-1.206087
-1.961520
0.980030
0.817132
0.623755
-1.612386
-1.737231
-0.582020
1.731007
0.355198
0.807407
0.604255
-1.292532
-2.494118
-0.966341
0.669656
0.361968
-1.563537
-0.292032
-1.192470
1.528027
0.493280
-1.546004
-0.560062
0.880020
-0.370836
0.279272
-0.309935
0.034838
-1.047015
0.944759
-1.431391
1.590019
-1.033119
-0.173778
-1.684637
0.997970
-2.690272
-1.436774
-2.406865
1.444348
-1.195354
-1.480288
-1.497468
-1.840453
-1.379902
-1.293377
-1.424647
-1.044991
1.206885
-2.641013
0.136904
-1.621846
-2.284116
1.149239
0.708892
1.161779
0.877534
1.848826
-0.726159
-2.634569
-2.658601
-0.809310
-1.701006
-0.683649
-0.788061
-2.504671
0.204668
-0.105830
-2.878579
-1.074938
1.086316
-2.019482
-0.447399
1.227487
-2.177528
-1.239308
1.166488
-1.711111
-1.940293
-0.647432
0.064488
1.321284
-1.761711
-2.769943
-1.078378
1.247117
1.621518
0.816517
1.569465
-0.202900
-0.368994
1.615710
0.883910
-2.148041
-1.083881
0.715321
1.720115
-1.508869
0.511943
-2.306449
-2.086459
-1.205840
1.204221
-2.663177
0.929447
-1.136971
-0.437124
-0.824050
-1.839224
0.855653
-0.644624
-0.968779
1.440506
-2.148321
0.585563
-0.393602
0.916643
-1.427789
-0.172363
-1.093338
-2.603109
0.069053
0.726996
-1.416945
0.889824
-1.667958
-2.023074
1.195992
1.255255
0.394288
-0.973616
1.842969
-1.589526
-2.168644
-1.742557
1.961438
0.998114
0.034384
-2.051429
-1.109504
1.638825
-1.816424
-0.224589
-1.123271
0.782250
1.560002
0.273020
-1.905105
1.641221
-0.865361
-0.982223
-2.536822
-2.217829
-2.462906
1.667466
-0.716500
1.994328
-1.079220
1.399260
-2.450749
0.543475
0.852448
1.628258
-2.820183
-1.036906
1.324616
0.885680
0.858773
-1.390651
-2.333637
-2.271221
-1.817633
-1.517149
0.051439
0.215599
-1.118255
0.111353
0.552007
1.375193
0.829412
0.335571
-1.367963
-2.061928
1.568262
1.391472
-2.816251
-0.534175
-0.379045
0.100377
-0.883178
0.782912
0.273101
0.578741
-0.580462
0.247280
1.270000
-0.488153
-0.959266
-1.485742
1.201139
0.568387
-2.118356
1.971652
-0.845283
-0.340534
1.999433
1.338667
1.963840
-0.572297
-0.211581
0.626610
-0.367129
-0.730252
-0.822505
1.974334
-0.745600
0.064400
0.617333
-0.569056
1.710514
1.726189
0.877263
-2.871526
-2.737952
-0.831365
0.369643
-1.997656
-1.437213
-1.606143
-1.060218
-0.095430
-1.727325
1.868127
0.585528
-2.067980
1.467742
0.348734
1.412613
-2.630491
0.364668
-2.669867
1.169928
1.242930
-0.590453
1.540006
-2.234048
-0.951509
-1.978437
-0.207267
1.610723
1.290615
-2.108809
-1.467283
-0.349066
-1.126789
1.156835
0.437906
-2.619115
-0.789704
-1.027741
0.618088
-1.686586
-2.398445
-2.081967
-1.853927
0.983709
-0.456523
-2.854049
-0.750448
-0.369829
-0.055995
1.209294
-1.148281
-0.009767
-0.243927
-2.969745
1.895837
-2.670948
1.896033
-2.428780
-0.139958
-1.311163
-0.542401
0.240572
1.957753
-0.709552
1.335113
-0.652398
0.780160
-1.204186
-0.802253
0.122801
-0.471358
-2.754169
0.228775
0.153244
-0.483777
-2.404082
-2.435137
0.309875
0.977046
1.836255
-2.838353
-2.400695
1.069429
1.290308
1.913939
-1.425470
0.740333
-1.358412
0.422726
1.898837
1.304660
-1.781502
-2.387467
-0.574580
0.573948
-1.157917
-2.482495
0.177356
-2.838706
-2.599130
-2.507212
-1.873568
-2.785019
-0.520753
-1.176774
-2.507281
-2.691060
1.628760
0.501359
-0.045547
0.658817
-2.242186
-0.635284
-2.426539
-1.300465
-1.422665
-2.545019
0.706212
1.246938
0.050528
-1.632677
-2.831150
1.081497
1.026371
1.753249
-0.142238
1.457324
0.544010
0.236714
-1.050367
-2.714605
-0.691671
-0.287358
0.888214
-0.654518
-0.531671
-2.035897
1.521927
0.740695
-1.806672
-0.646538
0.672222
-1.802160
-0.907125
0.776374
-2.108350
0.725270
-1.217909
0.159499
-2.362433
0.289550
-2.728685
-2.408167
-2.789941
0.673632
0.313184
-2.233434
-0.437034
-2.135282
1.231172
-1.742843
1.999245
1.984117
0.155972
1.045193
0.851236
0.006142
1.037901
-1.256581
1.675079
-0.279512
-2.156846
0.153405
1.147780
-1.911831
1.032977
-1.598783
-1.282076
-1.136111
-2.738590
-1.209440
-1.805371
-1.402863
-1.346749
-0.074876
-2.654386
-1.619552
-0.234090
-1.738031
-2.761086
0.135929
0.894621
-1.354342
-0.444301
0.503192
1.862893
-0.584390
1.951317
-0.509722
1.105739
-1.099247
-2.413007
-0.262046
-2.570861
-1.114164
0.945733
-1.850017
1.789547
-0.279684
-2.388168
-2.064044
1.910983
-2.847025
1.213160
-1.410844
0.964950
-0.302447
-0.994340
0.018546
0.574487
0.376122
1.131453
1.367950
1.268562
1.459786
-0.754436
-1.061472
-0.841967
0.082228
-2.936021
-1.329008
-0.865609
1.740776
-0.164752
0.635800
0.934023
-0.296676
1.773139
-0.518812
-1.942608
-2.052112
-0.992683
0.117733
0.213943
1.443437
0.987281
-2.977554
-1.257142
-2.444589
1.133244
0.321500
0.244679
-2.317888
-0.673975
1.230566
-2.378295
-0.556123
-2.557803
0.062892
-0.242775
-0.747831
0.398971
-2.577131
-0.544037
0.268427
-0.842222
1.446806
1.258102
-1.494279
-0.949060
0.372788
-0.578003
-0.166402
-1.670428
-0.452647
0.913154
-2.071369
-0.573133
-0.426950
-0.261131
-2.123401
-0.473874
-1.886233
-0.231342
1.073759
1.244983
-0.741463
0.003952
-0.632482
-1.405955
-0.777447
-1.337994
0.325627
-0.061488
-2.740494
0.365232
0.890710
-2.163803
-0.339134
-1.269883
1.154962
0.078494
0.337650
1.414300
-1.552552
1.229961
-2.754765
1.907146
0.359414
-2.830965
-1.618395
-1.486777
-2.449639
-1.343353
-0.537997
-2.116837
0.261095
1.278478
1.916486
-2.360845
-2.228393
-0.210962
1.217335
0.666176
-1.890342
-1.015605
-2.934387
-0.491869
-1.826561
0.300963
-0.719844
0.814331
-1.862780
1.451470
-2.034298
-1.021356
1.285948
-2.782762
-0.420280
-2.140569
-0.443142
0.215488
0.118059
-0.576892
-0.666594
0.640125
-2.435455
1.125275
0.077025
-1.450921
-2.911398
0.932639
-0.829921
-0.047781
-1.827875
-0.180990
0.508284
-2.701122
-0.121841
-1.171871
-2.251879
-2.640884
-1.500456
-1.953349
-1.974587
1.749041
-0.801783
0.029995
-1.365202
0.492136
-2.644405
1.438141
1.107873
1.905494
-1.876493
0.733970
-2.873393
-1.939904
-0.871446
-1.241893
-2.045641
1.815747
1.605773
0.518847
-2.455147
-0.119063
0.879988
1.577427
-1.393856
-1.472330
-1.157330
-1.954274
-2.480255
1.796675
-2.653323
-0.652166
-2.628546
-1.432456
-2.235298
1.917263
1.836293
-1.016507
1.113169
1.565350
-2.452861
0.812815
-1.316145
-1.344078
-0.918298
0.256146
0.208577
0.953773
-0.959674
0.293209
-2.146568
-0.294061
-2.342650
-1.925095
-2.486892
-2.247741
1.237915
-2.970377
-1.752614
0.576728
1.460332
-2.953617
1.362790
-0.440688
0.707872
1.068319
0.984228
1.431156
-2.775229
-1.516459
-0.647537
-2.286121
-1.725676
-0.657221
1.225173
1.000523
-0.193230
-0.299385
-2.300375
1.852961
-2.075653
-1.836633
-2.585381
0.162174
-1.934109
-1.370186
-0.832552
1.443805
0.375948
-0.976667
-1.322188
-0.839381
0.523612
0.503315
-1.434995
-0.390045
-1.206863
-0.147884
-0.290612
0.590436
0.031718
-0.517610
1.838749
-2.502488
-0.709509
1.938616
-0.545956
0.260657
0.764425
0.210393
0.709737
-0.743501
1.775419
-1.139296
-2.337307
1.469117
-1.652008
0.705298
-1.653953
-1.742434
-2.664639
-0.941407
-2.490595
-0.141978
-0.128458
-2.825127
1.557738
-0.085098
1.094363
1.980830
-2.527898
-0.342763
-0.984619
-1.962182
0.685200
-2.095595
-2.879941
-0.282739
-2.275535
-1.463260
-1.103478
-1.922774
1.940089
0.539767
-0.487737
-1.975387
-1.165550
-1.421697
1.076933
0.142949
-2.340076
0.424370
-2.291305
-2.033622
0.790809
1.552012
0.123285
0.604050
0.075140
1.862859
-1.396199
-0.904800
1.850816
-0.128106
0.052189
-0.875714
-0.773067
0.010829
-2.202722
0.883832
-0.152073
1.523758
-0.003852
-1.455309
0.384584
-1.087590
1.707969
-0.002643
-1.127292
-0.880818
1.854108
0.066254
-2.950245
-2.430862
-0.142814
1.785496
-0.389775
-0.615649
1.621212
-2.891423
-1.449747
1.608556
0.477714
-2.912097
1.939089
0.071217
-0.054111
-2.802098
0.961036
-2.997578
-2.042331
-0.257818
-2.500005
-2.900030
-0.456994
-1.332764
-0.075788
0.867510
-0.500757
-1.761618
-0.164154
-2.719830
-1.763379
0.342352
-2.002801
-2.687391
-2.925338
-0.043695
1.920023
-2.460731
-1.916049
0.340216
0.827771
0.825812
0.193842
0.119889
0.498475
-0.757128
-0.009785
-1.018847
1.927269
-0.112481
-1.371638
-0.797330
-0.717587
-0.142806
-2.020422
-1.837531
0.286061
-0.387803
-1.387445
0.773895
0.907181
0.884842
-2.269767
-1.126510
-1.760271
-0.165868
-1.438064
-1.733240
-1.584216
-0.628704
-2.583010
1.013423
0.027002
-2.478708
-2.468307
0.575736
-0.761214
-2.142526
-1.385345
-2.976752
0.606927
-2.929962
-2.522950
-0.599773
1.858349
-2.535849
1.268873
0.318260
0.263032
-0.005594
-0.913454
-1.874691
-0.656040
-1.378062
0.013356
-1.189137
1.085044
1.027674
-1.049796
-1.641015
1.373968
1.565736
-2.562251
-0.543311
0.252532
0.237152
-1.923530
-1.547460
0.278982
-0.760347
-2.285118
1.452257
1.826672
-1.867337
0.716205
-0.219036
1.025173
-0.093194
1.937369
1.912385
1.362521
-2.168806
-2.982566
1.658364
1.883056
-2.109609
0.678143
-2.660409
1.524639
-2.442493
0.129447
1.601306
1.579756
1.546295
1.580167
0.870619
1.813735
-2.982947
0.542249
-2.383845
-1.405707
-2.685178
0.536966
0.763983
0.638060
-2.740374
-2.174850
-1.060019
1.681789
0.499354
-2.240844
-1.069224
1.695400
1.873427
-1.038499
-2.904358
-0.302686
-0.495896
-1.219491
1.279614
1.796434
-0.539357
-2.398401
-1.735567
-1.162621
1.719463
1.755560
-0.464247
-1.273950
1.966236
-1.970427
-1.159014
-2.813585
-1.919024
-2.130131
-0.043512
1.001271
-1.518831
-1.542893
-2.215792
-0.071577
0.000556
-1.777933
-1.390531
-1.681654
-2.739396
-1.760880
1.883353
0.083291
1.597780
-2.404891
-0.913651
-2.820389
-0.391650
-0.192825
1.032946
-2.661701
-0.552760
-1.307129
1.518332
-2.219873
0.406027
-1.669112
1.602702
-1.110872
1.031447
-1.911669
-2.105556
-0.000991
-2.444464
-2.432451
1.898324
1.304490
-2.988412
-1.463198
-2.819242
-2.293309
-0.204915
-2.580170
-1.415053
1.506630
-0.061475
1.343404
-1.783014
0.542828
-1.005390
-1.223395
1.890298
-0.173129
-0.367440
-0.647384
0.212025
-2.722762
1.256491
-2.560517
-2.172361
-2.494216
-1.872623
-1.609498
0.036214
-2.287208
0.845676
1.133362
-0.514553
0.225069
0.727421
1.411322
-1.460901
-1.048179
-2.893360
0.889270
1.076895
-2.632294
-0.440448
-1.556659
-2.735255
-1.242868
-0.694955
1.146304
-1.672801
0.310347
-1.013445
1.570795
1.643112
-1.689118
-1.149903
0.357587
1.585657
-1.010046
-1.866466
-1.354358
-2.871391
-1.649306
-2.850113
1.661819
-0.692284
-2.039681
-1.750193
-2.030864
-2.493216
0.595326
-2.783442
-0.258086
1.280706
-0.881385
0.795484
-1.885802
-0.482584
-0.591978
-2.961555
0.030824
-0.999132
-2.222290
0.581786
-2.831017
0.373813
0.397829
1.722034
0.398751
0.213850
-1.861176
0.173012
-0.906922
0.999257
1.398242
1.694191
-2.815489
1.498109
-2.895931
0.710964
-0.782866
1.208991
-2.912724
0.387719
-1.924133
-2.793731
1.066222
-2.331350
0.051628
-2.823157
-2.652338
-1.774772
0.360170
-2.980979
0.004107
0.674247
-0.599278
-2.425614
-1.236912
1.148176
0.151754
1.381094
-2.008842
1.683784
1.060166
-0.266311
0.674969
-2.255977
-1.474822
-1.366589
0.268856
-2.397103
-0.655564
1.802305
1.094369
1.094163
1.066219
-2.050987
-0.079458
-0.350125
0.818384
-2.497639
1.392211
-0.110851
1.100477
-2.943270
-2.932576
-1.633509
-1.817872
0.878567
0.908888
0.773538
-2.012337
0.466062
0.703487
1.820539
1.223185
-2.789135
0.073535
0.194249
-2.187577
0.386600
-0.917828
0.051272
-2.797627
-0.545058
1.889286
-2.101705
-2.590926
-1.091041
-0.806982
0.931437
1.646631
-2.455657
-1.316237
-2.952650
-1.382916
-0.292012
-1.150484
-0.058720
-0.663484
-0.652022
-1.273160
-0.912283
-0.580074
-2.016441
-1.260484
-2.317378
0.804512
-2.072009
-1.262021
0.152590
-1.719557
0.325146
-2.686594
-2.783983
0.909188
-0.535503
-1.458336
-0.561728
-1.951781
-2.249232
-2.427663
1.212691
1.830509
1.182464
0.016354
-1.307020
0.067186
-1.389450
0.505768
-1.949256
-0.644523
-0.754367
-0.416196
-1.282923
1.774782
-2.136941
-1.713923
-2.022247
-0.964360
-0.176680
0.256238
-1.845363
-2.261856
0.504808
1.754985
-1.004831
-2.408738
-2.687451
0.531320
1.817917
1.730236
1.041887
0.346585
0.096837
-1.558947
-0.583314
0.005736
-0.333689
-2.809181
-2.101961
-0.191334
-2.277268
0.191219
-2.801947
-1.048607
-1.931033
-2.527245
-1.880645
0.670089
1.856856
0.001829
-0.939209
-2.408684
0.133648
-0.704892
-0.592639
-2.392987
1.644364
-2.204247
-0.938486
0.681481
0.622423
-1.728465
-2.747993
0.888076
1.273296
1.670224
0.525485
-2.632948
0.007995
1.848794
-0.940748
0.093132
1.519068
0.997283
-2.375472
1.622093
-1.682309
1.779831
-1.003473
-1.114872
0.718410
-2.306552
-0.582121
1.319904
0.453699
-1.570292
-0.318343
-0.131408
0.254311
-0.174297
-1.765613
-0.777794
-1.405169
-0.605343
1.536362
1.155231
-2.569726
1.095586
0.316493
-1.553420
-0.070096
-0.357034
-2.484298
-2.124225
-0.180455
-0.592060
1.036834
-0.815739
-2.333655
-1.765720
-2.673526
-2.707220
1.624251
-0.931319
1.630687
0.688256
-1.812624
-1.307218
1.692035
-1.340054
-1.796836
1.604403
-2.203035
-0.898788
0.518819
0.546316
1.779477
-1.417523
-1.310073
0.453752
0.665801
1.593301
-1.093901
-2.684287
-2.407666
-0.996543
-1.093536
-1.764508
-0.389962
-2.752365
-2.645464
-1.066311
1.917715
-1.018643
-0.442169
0.370323
1.004879
-1.158230
-2.901758
0.161663
-1.663495
-1.036434
-2.650013
-2.988245
0.713373
0.898259
1.783331
-1.880916
-0.971180
-2.293775
-0.047558
-2.925290
-0.463877
-0.766410
-0.953252
0.357517
1.939428
1.455605
-0.127852
-1.803636
0.731014
1.611479
0.041406
1.256731
-0.363685
-0.998696
-0.841728
-1.042548
0.219016
-2.338993
1.071589
-2.240257
-2.602292
1.519399
-0.968212
-1.005832
-2.012628
0.340759
0.888683
-2.865841
-0.716011
-2.084789
-2.201324
0.415070
-1.781203
-1.794747
-2.342026
-1.696732
1.548147
-2.507490
1.514264
-2.793987
-2.983042
-2.120058
-0.926011
-0.533393
-2.343616
-0.007864
-0.385416
-0.740928
1.184174
1.276272
0.313337
-0.458163
0.264972
1.768572
1.803280
-1.737399
0.827250
1.316706
0.903894
1.466431
-2.511091
-0.665527
1.378394
-0.294771
-0.100242
0.258536
1.022804
-1.032786
-1.740112
-1.827306
0.573987
1.748849
-2.463547
-1.223545
-0.041190
-1.614948
1.074654
-0.331534
-1.634415
-2.062114
1.942061
-0.908191
-0.269750
-2.516810
-0.376521
-0.718866
-1.122514
-2.538343
1.029286
-0.342151
0.115985
-1.323421
-0.787246
0.780411
-0.410144
0.011470
1.586940
1.602388
1.261063
-0.700506
-1.960286
0.960629
1.268160
-1.103661
-0.630260
-0.689598
-1.237875
-0.192796
1.965764
-1.713088
-2.030823
-1.966937
-2.934178
1.577638
-2.316243
-2.071418
-1.641475
-1.381623
-0.298088
-1.740981
-2.885989
0.122055
-1.932929
-1.728618
1.698535
0.989863
-0.302910
1.685827
-0.618152
1.956684
-2.670279
0.215581
0.562662
-1.609568
-0.589394
-0.522319
0.315468
-0.255770
-2.211727
-0.010762
0.956931
0.344487
-1.816395
-0.293604
-0.154615
-2.330580
-1.282383
-1.817773
1.866013
-0.617624
0.073790
-0.110271
1.448702
1.901313
0.728108
-1.312578
0.685091
0.315480
-0.032792
-1.850387
-2.679673
-2.410724
-2.643719
-0.270688
0.069819
0.716674
-2.610618
1.900589
0.438348
1.083038
0.052329
-1.290801
0.274849
0.964365
-0.332185
1.194485
-1.258064
-2.918411
0.288449
1.346111
1.985256
-0.179932
-2.903036
-2.843933
1.078730
0.489533
-1.114372
-0.810439
-1.009455
0.359329
0.010514
-1.285359
-0.022710
1.051910
0.386416
-1.314449
-2.537901
-0.508311
0.312531
-1.956987
1.141275
-2.704430
-0.897925
1.136557
-1.170059
0.580363
-0.355961
-2.297551
1.333533
-0.292525
-2.507438
-1.456601
1.996573
1.529608
-1.453119
1.093669
-0.862991
-0.795137
-2.762525
-2.182650
-0.624925
-2.698237
-0.321827
-1.797131
1.680058
0.508210
0.894882
1.473178
-2.307019
0.662677
-1.498096
-1.059412
-1.751015
-2.799410
0.069741
-1.501331
0.235132
1.313285
0.605712
-2.586587
-2.702785
0.994377
0.136850
-0.873119
-1.509619
-0.917110
-1.726499
0.625770
1.094861
-2.543554
-0.675667
0.842309
1.900155
-0.711329
-1.498589
0.738492
1.475848
-1.105874
-0.131318
1.121442
-2.422793
-1.378111
1.918504
-0.645460
-0.909022
-0.163425
-2.666425
-1.878652
0.946213
-1.322487
-2.519360
-2.126526
-0.944482
1.692750
-2.947144
-1.782037
-1.265091
-1.295419
0.499643
-0.939852
-0.059044
-1.945502
-2.780340
-2.938616
-2.340575
1.575797
-1.681677
1.307995
-1.516446
1.983068
0.118123
0.495394
0.527509
-1.001543
1.969378
-2.920619
0.505818
0.063811
1.162968
-1.609456
1.333840
0.842590
1.223678
-0.644826
-1.710079
-0.049601
-1.861185
-0.036229
0.788890
0.412190
-1.278085
-0.906406
-1.157545
-2.912404
-0.146038
-1.426003
-0.970874
0.478521
-1.453655
-0.592665
-2.366798
-0.716556
-0.244899
0.132933
0.967173
0.623104
-2.577978
-0.053803
1.443381
-0.075922
1.514551
-1.949412
-2.937739
0.256645
-1.431418
1.908733
0.498117
-2.095553
0.651332
1.022263
0.164100
-0.538449
-1.091191
-1.920634
0.277488
-1.921648
-0.704906
-2.869269
1.732103
0.654171
-2.242417
-1.652637
-0.777784
-2.818907
-1.573303
-1.957761
-2.248517
-2.279234
-2.640480
-0.825340
-0.766182
1.789306
1.205084
1.541141
-0.155392
-0.773508
0.611610
1.846833
1.184011
0.223925
0.653284
1.154413
-1.577008
-0.236621
-0.805880
-1.398039
-1.712490
0.907288
-0.304035
0.538897
-2.329286
-0.541222
0.858654
1.169786
1.412488
-2.352753
1.561373
1.512706
0.369794
-1.396496
-1.756930
1.868006
0.222849
-1.767741
-0.705038
0.247233
1.027471
-2.780180
0.857486
-2.934190
0.629690
-2.427654
0.499057
1.633162
0.734293
0.483388
-1.835109
1.704578
-2.674051
1.676433
0.317809
-0.657485
1.848699
-1.570891
-2.314361
-1.872271
-1.684199
-0.714035
1.705936
1.668149
-2.669863
-0.421590
-1.711628
0.342957
0.617225
-0.589313
0.001134
1.423427
-0.745145
-2.929959
-2.456269
-2.692023
-1.888716
1.254379
0.673805
-1.720331
-0.817828
-1.186255
0.772432
-0.656599
0.705132
-1.939889
1.103669
-1.925842
1.697774
-0.817408
1.056823
0.835670
-1.489761
-0.117720
-2.954983
-0.848785
-0.171068
0.314485
-2.230304
-0.524588
-0.603752
0.756595
-2.891690
-1.458437
-2.632099
-0.816138
1.048376
-2.137555
-0.309112
1.507029
-2.993235
1.324540
-2.125004
1.466133
0.270778
-0.916116
-1.473856
-0.457361
1.170416
-2.506413
-2.522676
-1.447242
1.810157
-2.663662
1.132595
-0.105280
-1.947087
-2.280637
0.696600
-2.052794
0.677577
-2.229015
1.033484
1.897333
-0.335165
-0.708796
-0.417984
1.306414
-2.909216
-1.030577
-0.602648
-0.903968
0.881110
0.009718
0.748439
0.082448
-2.247442
-1.286976
-2.342102
-1.531867
-0.167397
1.407609
-0.555998
1.733793
-0.446943
-2.608022
1.227259
-0.021410
1.722227
-1.528390
0.404433
-1.697347
-0.721244
0.919521
-2.210852
-2.196915
-0.254476
1.723563
-0.911714
-2.141994
1.018445
-1.998171
-0.058780
0.305159
0.813905
-2.498081
-0.792716
0.629500
0.237623
-1.660446
-2.693959
-0.611105
1.673141
-0.171584
-0.996602
1.687614
0.486705
-1.585630
-0.170000
0.588507
-1.940439
-1.866424
-2.838111
-2.188673
-0.127592
-1.140481
0.024425
1.512827
1.800362
0.322191
-1.888863
-0.090800
1.597500
-2.636545
0.747430
-1.088682
-0.971183
1.619529
-0.209687
-0.005207
-1.749681
-2.686392
-1.202972
-2.824404
1.921419
0.217988
0.520576
-0.062905
-0.957233
-1.947886
0.750991
1.886821
1.709632
0.087745
0.074927
-0.885753
0.585751
0.687309
-0.348746
0.342580
-2.269657
1.324889
0.065063
1.154548
-0.462402
0.164883
1.785428
-1.705473
-2.696771
0.695764
1.914807
-1.468121
0.039023
-2.688952
-0.261998
-2.900454
-1.841870
1.879933
0.522555
-0.286552
-1.643364
-1.128593
-0.712935
-2.693169
-1.637689
0.401912
-0.809949
1.303099
-0.086909
-0.398490
-0.711348
-1.095816
-2.580592
-1.626627
0.119766
-0.012176
1.414731
1.111269
-0.224235
-1.271351
-2.058470
-2.289006
0.187833
-2.626178
0.246101
-2.918205
-2.014130
-2.814534
-0.821555
-2.520574
-0.194901
0.705126
-0.405633
1.797760
-0.170413
0.926625
-1.436298
1.912199
-2.706667
-2.669122
1.719096
1.368196
0.615394
0.326740
0.916339
0.632879
-0.924309
-1.926873
-1.417604
-0.208627
-1.796732
1.518671
-1.697566
-0.776259
-2.060689
0.577493
-2.950513
0.509346
1.670492
0.990010
0.127679
0.843548
1.672846
0.858556
-1.083136
-1.003912
1.122395
-2.996507
-1.033352
-2.910984
-2.230896
-0.879450
-1.784222
1.158296
-1.901900
-2.946122
-0.694606
-2.763852
-0.754750
-2.582056
-2.090947
1.294318
0.320764
-1.855053
-0.301068
-1.236202
-0.943405
1.714705
0.459471
0.448793
0.875600
-0.553155
-2.037284
0.939410
-2.256125
-1.239441
-0.999478
-1.660837
-1.948638
0.415259
0.283720
0.160450
-0.693407
0.566428
-0.796218
1.640471
-1.261888
-1.043209
-0.210205
0.980008
-2.733791
1.387074
0.469450
-0.594996
1.803261
-0.611776
-1.076508
-1.139716
0.582844
-0.484267
-0.483229
-2.893927
-2.053941
-0.099830
-1.739000
0.092932
0.390034
-0.324811
-2.208563
-2.958235
-2.592472
-2.037899
1.324891
-1.050319
-0.299929
1.464136
-2.755904
1.314586
-0.956589
-0.226906
-1.399396
-1.069747
0.611091
-1.098934
0.910421
-1.324251
1.826793
0.135052
-1.093078
1.176913
-2.480115
-1.958101
0.403466
-1.808564
1.475456
-1.652253
-0.786088
-2.091636
0.738816
-0.555234
-2.184108
-0.712901
-1.370781
-1.448006
0.576069
1.882496
1.613092
-1.124378
0.737317
1.277342
-0.934310
0.055823
1.228369
-1.014844
0.323624
-0.056316
0.436795
-2.699218
-1.414823
-0.465077
-0.234164
1.221148
-0.351093
-1.631092
-1.794155
1.490242
-0.499779
-2.466959
1.261740
0.565511
-1.403575
-1.841473
-1.494601
1.442887
-1.759357
-1.393316
0.867829
0.959053
-1.631133
0.815464
1.929649
-1.890043
0.100629
-1.233019
-2.912246
0.276918
-2.988770
-1.426339
-0.734877
-2.021388
-0.931342
1.514296
-1.865169
0.776281
-1.568465
0.538177
-2.707035
-0.642282
1.282669
-0.696776
-2.549315
-2.829333
-2.625417
1.165164
0.079923
-0.039316
-2.759949
0.920254
-0.380280
-1.511724
-2.836674
-1.311846
-0.022345
0.240231
0.526035
-2.975881
-0.926282
-0.591799
-2.383026
0.460897
-2.870578
-2.799700
0.581458
1.028740
-0.189450
-0.771847
1.939856
1.810720
1.358304
1.490387
1.629736
-2.952203
-1.970052
1.662189
0.613574
-2.846375
0.335461
1.530098
-1.285321
0.565487
0.021854
-2.858082
1.962211
0.184438
-2.785498
-2.670791
-0.293777
-2.392543
-1.751471
-1.015895
-2.813750
1.074968
0.480588
-2.937952
-0.370221
-1.087591
0.325821
1.883365
0.700602
-0.534065
-2.024439
1.099111
-1.879816
0.377957
-0.952619
-1.554413
-1.135980
-2.785412
-0.928178
-0.647901
0.625269
-2.032628
1.900869
-2.666451
-0.014953
-0.159658
0.564687
-1.062086
1.606833
0.748287
0.355068
-2.430454
-0.888476
-0.457687
0.286702
1.095182
0.905490
-1.144811
-0.821754
-1.737952
1.638033
0.375816
-2.697035
1.778220
-2.147442
0.816920
-2.242635
1.174865
-1.064452
1.367726
0.947564
0.301637
-1.342445
1.505269
1.711996
-2.126490
-1.913403
0.626940
-0.661742
1.523900
-0.903475
1.032077
1.164320
-2.320786
1.031991
1.559576
-1.834911
1.565393
1.803952
-1.700318
-0.885038
-2.229811
-1.600945
-1.205556
1.031893
0.913834
0.588758
-2.255110
-0.917009
1.224257
-2.138801
0.753564
-0.568630
0.655819
-0.594917
1.019974
-1.752966
-2.977609
-2.469966
-0.274572
1.682401
-1.670952
0.829586
1.623015
-2.107954
-1.535454
-1.269044
0.844743
-1.827320
-0.385268
-1.755560
-2.000244
-1.853906
1.512827
1.131063
-0.200786
-0.427507
-0.100642
-2.147335
0.091995
0.916574
-0.370286
-2.526133
-0.385460
-1.955026
-0.919775
0.993876
-2.246978
0.438091
0.901555
1.105492
-0.103595
1.289569
-2.918697
-2.202260
1.787786
-0.683894
-0.769136
-2.148134
-0.386874
-2.330605
0.602956
0.701755
1.229064
-0.062285
0.510022
1.875968
-0.016436
0.319495
1.723807
0.811558
-2.611289
1.769972
-2.518188
-0.126455
1.020751
-2.480062
-2.460279
-1.069431
-2.442145
-0.932506
-1.062086
0.371186
-1.927204
-2.475698
1.528142
-2.459577
0.219328
-1.991844
-2.604437
0.637693
-0.126886
-1.913743
-2.800547
0.531021
-1.242922
-0.057827
-1.206934
-2.946848
1.165384
0.063813
-0.020225
0.953260
-1.273819
-2.974295
-0.975456
-2.390075
-0.806652
-0.695021
0.079300
-0.563425
-2.602093
-0.797036
0.787319
-0.187562
1.879245
-1.786935
-0.653922
0.560724
-0.072050
0.318262
-1.988791
-1.947588
1.858762
0.693278
-2.779747
-0.107876
-2.922945
-1.318875
0.023865
0.469897
0.811512
-0.821178
1.486262
-0.755864
0.468030
-2.241060
-2.187289
1.785660
0.703549
-0.730383
0.318553
-2.936047
0.676573
-2.180903
-0.063167
-2.182562
1.660944
1.240679
0.424408
1.683543
1.283000
1.375286
-2.889432
-1.684836
-0.380784
-0.419777
1.834191
1.344667
-0.646920
0.045387
1.507393
0.216107
0.596728
0.964102
-1.476362
-0.845663
-0.157130
-1.512976
1.686547
-2.009201
-1.782837
-0.067410
0.394416
-2.568871
-2.913818
0.113679
-0.452630
0.254015
1.288607
-1.475250
1.942073
-1.143793
-0.206421
1.467109
0.644867
0.614359
-0.089052
-0.307293
-0.505137
-1.531413
-2.721193
-2.543891
-2.126659
-0.581705
-2.184947
-2.233036
0.419286
-1.672227
-1.395321
-0.839620
-1.212150
-2.184120
-2.172559
0.744279
1.299614
-0.723551
-1.431030
1.506560
-1.833051
1.118385
-1.483730
0.603919
1.885172
-2.092889
-2.897074
0.247112
-0.175149
0.608871
-1.665393
1.664396
-1.586444
0.865731
-2.496469
1.396565
-0.162127
1.194726
0.421721
0.406596
-2.000110
-0.365436
-0.134954
-1.878367
-1.874670
0.402901
-2.845239
-0.780177
0.176256
0.560374
1.914525
-2.253872
-1.203819
0.442241
-2.051814
-1.927386
1.526017
1.818595
-2.773218
-1.937849
0.767417
-0.974102
1.671232
-1.592700
-0.500028
-2.633139
-1.419363
0.330924
-0.803254
0.927803
-1.465837
-0.460109
-0.578025
-0.051749
-1.858904
-0.445279
-0.067222
-0.498092
-2.460428
1.269639
-2.911752
-2.292026
0.638417
-2.232751
1.911988
-1.836875
1.560037
-1.873235
-1.780756
-1.374284
-0.781579
0.891167
-0.775939
-0.773699
0.664448
-2.211926
-2.821371
-0.528024
-1.803326
0.410067
1.999637
-0.295995
1.297663
-0.852136
-1.235352
-2.135643
-1.176428
-0.870972
0.415966
-2.868886
1.153919
-1.707324
-2.839566
0.782007
-0.553777
1.187459
-1.962523
-1.503170
-1.956213
-0.401008
-2.866462
-2.713153
-2.565931
-1.746224
-1.130218
-2.276092
-2.837407
-0.159665
0.586906
-0.756618
0.377299
-2.966961
-1.645336
0.637252
-0.735656
-0.822878
-1.272742
-1.710723
-1.567325
-1.740624
-2.471912
1.370926
1.965396
0.628061
0.968420
0.837154
-2.602506
-0.483273
0.859484
-0.803067
-0.764390
-1.317097
-0.006769
1.206453
-1.725674
1.767073
-1.674810
0.636478
1.133564
0.032881
1.042544
-0.198061
-1.188852
-0.646485
-2.321040
0.873812
-1.654627
0.149842
1.586538
-1.169118
1.248725
1.364748
-0.180508
-1.183046
1.437604
0.983241
-1.196777
-0.304324
-1.221917
-0.151256
1.640489
-2.931610
-2.567060
0.850223
0.077929
-0.973654
1.798960
0.291673
-2.110761
-0.422757
-2.307946
-0.585049
0.323164
-2.347120
0.676472
1.401494
-1.778184
0.627366
0.952450
-2.942711
1.312609
-0.797665
1.545110
-0.649830
-2.535203
-0.990112
-0.131153
0.912795
0.873615
-2.809350
-0.837698
0.892566
0.674982
-1.897550
-0.397150
-1.405802
1.656931
1.262089
-1.279073
-0.064383
1.417216
0.820884
-1.961080
-1.666397
-2.250264
0.865886
-2.483176
-2.813806
-2.582441
1.635798
0.994015
-2.853116
0.852961
-0.851689
-0.087759
-1.006647
0.851932
-1.105952
-1.806513
1.201124
-2.096387
-0.052324
1.576735
0.538274
-0.447958
0.286497
-1.154408
0.291009
-1.941887
-1.736711
-0.893708
0.258736
-2.190214
1.334012
-0.588904
-0.073265
-1.268775
0.709893
-1.877004
-1.552294
-2.419303
-1.330732
-1.840721
0.545765
-1.552250
0.671427
-2.840629
-2.611569
0.354765
-0.824080
-0.652692
-0.424551
-0.659841
0.619579
0.971436
-0.228597
0.835481
0.931232
-2.975273
0.967507
-0.862396
-1.888647
-2.889808
-1.289641
-1.527690
1.893435
0.320589
1.393176
-0.715504
-2.283294
-2.542027
-1.421825
0.953814
-1.989110
-2.323534
0.705644
-2.315760
-1.555961
-1.247619
-2.281837
0.539953
-1.007384
-0.788335
-0.158404
-2.432932
-2.330548
-2.630281
-2.243574
0.644413
1.969866
-0.731757
0.560305
0.868748
-2.835358
-0.085049
0.047694
1.259110
0.949996
-1.225272
1.612089
-1.310439
0.248455
-1.794792
1.096837
-1.407846
0.950575
-2.196136
-2.070093
0.865749
-0.298153
-2.406487
-0.410981
-1.780227
-0.470528
-2.882499
-2.464273
-2.595697
-1.356034
-0.460537
-2.148941
-1.355116
-2.034240
-0.138309
1.491271
-0.480345
-1.468291
-2.004009
-2.220803
-2.866343
0.752134
-2.438261
-0.886690
-2.975362
1.658903
0.900991
-0.824248
-2.785823
1.935413
1.410686
-0.127907
-2.035945
-1.898397
1.831668
-1.291744
-1.267045
-2.457434
-0.137192
0.716351
-1.632450
1.364393
-2.466543
1.476110
-1.132700
-2.882223
1.677926
-1.103720
-0.960459
-2.067081
0.439741
0.440394
1.235860
-1.874635
0.291505
-0.635359
0.515870
-0.893005
-0.273149
-1.848372
0.193643
-0.689800
-2.594310
0.399831
-2.451114
1.010499
-2.253652
1.634358
-2.742100
1.565474
-1.440088
-0.064550
1.978366
-1.087293
1.519410
1.453533
-1.417904
-0.547146
-2.870486
1.995553
-0.925506
-2.532822
1.891834
-0.767166
1.614142
0.910072
1.292219
-0.731410
0.384797
-0.947753
-0.760656
-2.622605
-1.347740
1.207595
-0.157878
-1.268455
-2.477004
-0.884257
-2.591551
-0.726166
1.807953
-2.682129
-2.163738
-2.812624
-0.553465
-0.955928
1.923594
1.534324
0.281841
-0.120521
-2.727447
-1.954554
-2.286114
1.331919
1.996155
-1.694669
-1.845652
-2.865561
1.724652
-1.126649
-2.198367
-1.035875
-1.977118
-2.630770
-2.591720
-1.797397
1.720000
1.109385
-2.042645
0.506646
-1.262601
-1.554540
-1.420198
-1.665083
0.750504
-2.219615
-2.359036
1.259579
-0.321756
-1.139160
1.503084
-2.718617
0.297755
0.676994
-1.603489
-2.974578
1.041418
-0.092283
1.245749
-2.208241
0.849058
-0.725397
-2.946637
-1.117557
-1.883887
1.621337
0.696893
0.940360
0.227688
1.514168
1.597876
-0.583667
-2.192982
1.185985
-1.724764
-2.376041
0.043965
1.791488
-2.191035
1.567775
-0.602057
-0.770895
-1.451406
0.325110
1.218417
-2.413054
-2.915862
-0.777087
0.044444
1.100290
-0.260587
-0.904255
0.552169
-0.222318
-1.923992
-0.102530
-0.246278
1.654739
1.835217
0.578194
-2.351184
-2.250860
-1.092832
-2.511197
-1.687860
1.793543
1.911191
0.241135
1.838810
0.955924
0.993565
-1.245407
0.179009
-0.232618
-0.879617
1.460085
-2.122842
0.705887
-1.695246
0.993214
1.440562
1.781789
-1.608809
-1.946737
-0.802829
-1.273046
-0.468350
-1.732794
1.778019
-1.473863
-0.035556
-0.143028
-2.534153
-0.856868
0.295638
0.417489
1.828018
0.607911
1.605584
-0.731903
0.088068
1.919368
-0.789744
-1.131590
-1.850483
-2.688676
-1.508406
0.151393
1.448086
-1.975336
1.172553
1.811452
-0.815342
-2.196178
-0.466258
1.932889
-2.602302
0.320985
1.500933
0.784389
0.838671
1.274699
-1.200203
1.183484
-0.186632
1.487911
-2.073049
0.269475
0.683809
-0.446845
-2.937759
0.131834
-1.295924
-2.879513
-2.120863
-2.095514
-0.782955
1.103896
-2.066915
-1.124780
-1.780994
-1.177936
-2.639678
0.165462
-2.344449
0.769038
1.872680
-1.908897
1.223408
-2.865808
-1.507930
0.268203
-0.964825
-0.449082
1.111434
-1.096229
-1.768259
-1.131986
-2.284729
-2.818872
0.436858
-1.072772
1.166705
1.408530
0.494729
-0.603861
-2.517877
-0.172072
-0.632921
-0.563972
-1.821301
1.812309
1.268909
1.630385
-2.119303
-1.328004
-0.147826
-2.480206
-0.676533
-1.180704
-2.513886
-2.946116
-0.111845
0.353368
-0.256110
0.974433
-0.810078
-2.381034
-1.090562
-1.446125
-1.779169
-0.137866
1.220300
-1.805603
-0.978196
1.611756
1.234953
1.212523
-2.015182
-2.540987
-1.441600
1.791279
0.892200
1.215220
1.637986
-1.581910
0.401090
-2.410273
-1.504218
-1.710748
-0.942012
-0.972829
0.954984
1.469081
-1.156128
-0.032670
-2.543987
0.717403
-2.598137
-1.222604
-2.119982
-1.139711
-0.778325
-1.157821
-2.815058
-2.941825
-1.071386
1.483588
-1.763261
1.880047
-2.795296
-1.398396
-2.127247
1.696566
-0.884181
1.530522
1.293286
0.845400
-2.434235
-1.286603
-1.487966
-0.933282
-0.413013
-2.335729
-2.875941
0.158084
0.500448
1.956413
-2.701942
1.452699
1.499255
1.608461
-0.564034
-2.611598
1.435784
1.407585
-2.113862
-0.241225
-1.453057
-0.395993
-0.045171
-2.528662
-1.480760
1.657263
0.287119
0.458780
-0.394175
1.625875
1.297012
0.978032
-2.343057
-1.199345
-2.914226
0.610609
-0.296696
0.733245
-2.719823
0.128732
0.505242
-0.467179
1.115360
0.818494
0.787798
-0.841170
-2.457788
-0.526668
-1.386766
0.860451
0.452627
-0.545419
-2.311317
1.962997
-1.891942
-0.739317
0.312911
1.885020
0.224790
-1.455260
1.295787
-1.309952
1.700499
-1.280027
0.092867
-0.633998
1.890360
-0.697993
-0.475281
1.134667
-1.651326
-2.664454
0.621460
0.038991
-0.126438
-0.909057
0.308432
-0.050199
-0.608196
-2.045921
-2.361354
-0.727838
-0.918491
1.053453
1.630806
-1.140853
1.882363
-2.788655
-1.676353
1.516370
0.324974
-1.616340
-2.159440
-0.160782
-2.823977
-2.217538
1.114691
0.011217
-0.083216
-2.385702
1.825411
-2.759928
1.511421
-0.699583
-2.360931
-0.369808
0.918487
-2.026640
-1.028046
-0.084293
0.452255
0.682685
-1.232111
1.476729
0.917689
0.485989
1.148445
-1.960049
1.016214
-2.482707
-0.953954
-2.165766
0.459930
1.139669
-2.579098
-1.363374
1.386580
-1.381894
1.549813
1.259503
0.072493
0.453826
-1.799317
1.052926
0.054578
-0.810765
1.594824
1.219800
-0.813876
0.723959
-0.084165
-0.415116
-1.564974
1.747312
-0.108838
0.028394
-1.909359
1.098176
1.881273
-2.621837
1.551053
-0.362257
0.222876
1.834875
1.940049
0.379019
0.107081
0.710504
-0.393168
1.674101
-1.197794
-1.557945
-1.131139
-1.076084
-2.488155
0.289327
-0.425729
0.750205
-1.708652
-2.295287
-2.794643
-1.243951
-1.481520
-2.742874
0.319030
0.396213
-2.569563
-1.834010
0.969775
-2.989225
-1.178421
-0.060551
-0.592449
0.412386
1.361322
-0.456236
-2.844777
1.119755
-0.356257
0.387855
-1.780057
-0.178329
0.012220
-2.224841
-2.152834
0.586077
1.476347
0.701422
0.094172
1.390088
1.508043
-1.125107
-2.284345
1.207068
0.797031
0.837037
0.630493
-1.315096
1.791409
-2.216121
0.193349
-0.379616
-1.294697
-0.273260
0.927711
0.829899
-0.304447
-0.839811
0.042042
0.174979
0.186143
-1.886516
1.629763
1.693397
0.312687
-1.980506
-0.564845
-1.616278
1.088525
1.820529
-2.620068
-2.250144
-1.208198
-2.643494
-1.788602
0.661339
1.163011
-1.592820
0.321114
-2.475496
-1.705694
-1.608829
1.974423
1.657141
-1.880503
-1.528724
-2.964388
1.678039
1.696486
-2.521853
1.131908
-2.361871
1.968729
-1.989427
-2.653115
0.697357
-0.271039
-2.797394
-0.033948
-0.572179
-2.907991
-0.762749
-2.600605
-0.820568
-2.801989
-2.969791
-2.890691
-1.793269
0.828358
1.877444
1.455552
-1.666011
-2.877967
-1.465734
0.210403
1.329962
0.580258
-2.386892
1.625145
-1.519013
0.535897
-1.668196
-1.914598
1.459581
-2.626281
1.508628
-1.887547
-1.599205
-0.754319
-0.845867
-1.495234
0.359632
0.532703
-2.672919
-1.011903
-1.900679
-1.043556
-0.279456
-1.658295
-1.048637
-2.351285
-1.755015
1.186092
1.814735
-2.051013
0.160654
-0.174034
-0.273256
-0.049453
-1.159086
1.436764
0.941926
-1.702631
1.843803
-0.593837
0.395020
-2.020084
1.115070
-1.451631
-0.544715
0.160515
-1.023333
1.798064
0.430958
0.773699
0.167276
1.987015
0.976210
-1.503649
0.537521
1.448717
1.133188
-1.596505
1.174093
-2.772380
-2.389171
0.624655
1.721922
-0.688056
-1.439334
1.464926
1.535028
1.571509
1.383502
0.951591
-1.188287
-1.748192
-2.394829
-1.902789
-0.797849
1.503195
0.408544
-1.165040
-0.197565
-2.749445
-0.917469
-2.892161
-0.640059
-2.882193
1.668594
0.529685
-0.989853
-1.234824
-1.158502
-0.496203
1.509240
-0.696273
0.053924
-0.035693
-1.921803
1.550866
0.516020
0.742524
-2.174565
-1.668222
-2.479684
1.945602
-2.473921
-2.075039
-2.273511
-1.945844
0.932716
-0.611245
-2.941381
-2.798089
0.156971
-0.333818
-2.936743
0.343750
0.734565
-0.676520
-1.500805
-2.801336
0.405353
0.602407
-2.355039
-1.316733
-1.206571
-1.691748
-2.908316
0.850396
-2.829377
-0.854329
1.204776
-1.896764
-2.269765
1.664417
-0.843505
-0.711001
1.856041
-2.187881
0.906508
-1.909169
-2.322539
-2.899034
0.672812
-0.720910
1.231678
-1.983975
-0.946926
-0.961609
-0.290356
1.958877
-1.196928
-0.276409
-0.258440
-1.668302
-2.598461
1.591999
-1.061103
-2.392663
1.274940
-1.910853
-2.708889
-0.038895
-2.585653
0.373045
-0.699632
-2.341876
-1.989634
-0.580402
0.592750
1.209099
-1.788880
-2.711126
-1.818545
-0.537829
0.842741
0.954778
1.586604
-2.231926
0.683025
-2.203269
1.236900
-2.655952
-2.431183
0.704132
-2.903094
-1.780223
-1.409203
1.849629
-0.597380
-1.477350
-2.523583
0.674452
-1.487910
-2.968620
0.693869
1.616823
0.081236
-1.036805
1.009859
0.969065
-2.798019
-1.286631
-0.689116
0.730212
0.783047
-1.829121
-0.145100
-1.289667
1.387750
1.468763
-0.140704
-1.184573
-2.169612
0.707905
1.597658
-1.331210
-1.122636
1.181008
-1.308891
-1.281206
1.863491
1.017017
1.687158
1.428614
-1.816409
1.225133
0.762958
-0.162538
-0.377589
-0.215180
-1.155531
1.284485
-2.611627
1.028302
-2.444332
-0.590015
1.007558
1.593577
1.109821
0.592918
1.953096
1.346139
0.942389
1.114748
1.680227
-1.442037
1.938576
-0.220392
-1.945965
-2.403591
1.248688
-1.136523
-2.829301
-0.942858
-2.004716
0.834419
-0.607604
-0.300285
-2.642183
1.735503
0.086482
-0.649837
-2.055156
-0.642753
-2.329000
-1.671381
1.986218
1.513617
0.757246
0.257925
0.762121
-1.420312
-1.821069
0.027631
-0.198746
1.989477
-0.743392
1.909537
0.809108
-1.264838
-2.847140
-0.350581
1.762959
1.998382
-1.275594
-2.822781
1.112657
1.450646
-1.184591
-1.409578
-0.135357
0.994155
1.456146
-2.952108
0.517546
-2.428347
-2.918366
-0.000553
-0.418553
1.395915
1.984709
-1.037033
-0.231297
-1.616421
-0.291471
1.988997
0.172040
1.819524
-0.857621
-1.578131
-0.079817
1.327424
-0.981784
-0.533171
-1.043970
1.643869
-0.995602
-0.804634
1.679998
-0.478388
-0.494825
-0.390596
-1.752203
-1.938384
-0.508065
1.505099
1.477787
-0.354021
-1.280417
1.915116
-1.068435
-2.265661
-2.997161
-2.835823
-2.772882
-0.341597
-0.957284
1.233803
0.129032
0.813224
-0.908599
-2.404139
-0.559043
-0.732632
-0.962970
-1.629055
-2.932645
-2.068087
-2.305901
-0.682755
-1.054573
-0.345314
0.692410
-2.274443
1.016877
-1.981378
1.390568
-2.021616
-2.336404
-2.699191
1.775115
0.857276
-1.755199
-1.972488
0.320031
-2.887325
-1.967844
0.080358
1.330488
1.633922
-1.639400
-1.353898
0.362844
-1.424752
-2.000929
0.449115
-1.291043
-1.246861
0.335042
-1.610296
0.411733
1.890525
-0.948613
-1.209577
-1.956989
-2.996728
-2.814455
-1.445671
-0.465717
0.930043
-2.299954
1.763287
0.612828
-0.761034
-1.356944
1.721904
-2.989583
-2.736500
0.652358
-2.922476
1.982030
-0.952307
-2.423213
-1.528860
-2.822522
-0.020411
1.279021
-0.499435
-0.125045
0.693290
-0.055912
-0.336822
-2.642078
0.137086
-0.669944
-0.056302
0.624674
-2.957838
-1.722065
-2.950377
-0.590354
-2.546204
0.920676
1.374842
0.002889
-2.627357
-2.152249
-0.555839
-0.027379
0.583396
1.995819
0.250810
1.797774
1.767655
-1.250953
1.050850
0.145428
-0.214747
1.890160
1.432248
0.060529
-0.382257
1.561948
-1.003307
1.834826
-1.761830
1.461717
1.254729
-2.790648
1.295257
-1.960194
-0.367153
1.790810
1.014027
0.233316
-0.663862
-1.814198
0.748024
-1.964276
-1.832527
-1.759316
0.912376
0.105233
1.225608
1.638018
1.144993
-0.825903
-1.632296
0.918874
-0.700193
0.890715
-2.193225
-1.664630
-2.362220
-0.038436
1.778725
1.652710
0.059623
-0.141041
0.809702
0.963078
1.172918
0.078803
0.462367
-1.583065
0.320598
1.012735
-0.360801
-1.274252
1.924034
-1.712783
-1.151676
0.374173
-2.493367
-0.991116
1.906826
1.721779
1.663276
-2.330728
1.778890
0.168511
1.647997
0.165920
-2.819126
-1.973366
0.516922
0.689225
-0.821829
-2.556099
-1.860812
-2.697906
0.742318
1.865708
0.185766
-2.173931
-0.546150
0.567717
1.512992
0.032727
0.401481
-0.232713
0.465597
0.269373
1.529167
0.354528
-2.915841
1.509607
1.737422
1.426738
-2.056809
-0.852114
-0.039744
-1.007750
-1.935076
1.265965
-2.478904
1.795981
-0.786229
1.233294
-2.088680
-1.296704
1.734621
-1.484157
1.811716
0.056487
1.545730
1.943823
-0.061074
-2.926904
-0.115431
0.175915
-0.619757
-0.698384
-1.222582
1.783291
-2.871149
-0.397039
-2.844209
-0.330352
1.468443
-1.157657
1.485317
-2.687140
0.030646
-2.402303
-1.442820
-2.627528
1.998516
-0.752533
-0.819987
0.069559
-2.951600
-2.476308
0.458420
-1.884252
-1.935142
-1.916469
-1.013381
0.529249
1.769161
1.732413
0.446901
0.977119
1.975019
-2.204119
-0.884176
1.942039
1.177962
-0.980401
-1.444459
-2.329929
1.618279
-2.501265
0.517271
-2.689876
-0.933287
-0.939041
-1.199485
0.242921
0.702122
-2.762126
-0.869233
-1.752054
-2.709527
0.691267
-1.487018
-0.406644
0.766319
0.741753
-0.782242
-1.635096
0.936739
-0.745334
-1.068341
1.652382
0.730452
-1.134293
1.220069
0.069383
-2.152760
1.010952
-1.916989
1.098682
-0.741140
-0.840869
1.114496
-0.858049
-0.144264
-0.038514
-1.116219
0.506388
-2.804121
1.212068
-1.642427
-2.608432
-1.124841
-0.279980
-1.305747
-2.339379
-1.470058
0.856569
1.313492
-1.847450
-0.656381
1.766933
-0.933878
-1.276201
-0.868379
-1.532476
1.465104
0.771048
1.997746
0.541516
-2.625148
1.131495
-0.745393
0.413280
-1.147029
1.673782
-1.137941
1.187429
-1.414203
0.495530
-0.060099
-2.298345
1.365411
-0.887414
-0.751871
-0.507942
-1.436831
-0.514920
-1.426894
1.193481
-0.937616
-2.577651
-2.085703
-0.962064
-1.630063
0.179278
-1.306865
-1.588796
1.299964
-2.686118
1.526464
1.495827
1.613147
0.119043
-2.098469
-1.722868
1.856049
0.360382
1.012565
-1.401694
-0.028183
0.004075
-2.844567
1.560214
-1.162789
-1.248226
-1.218575
-2.594923
0.977189
-0.387225
-0.638525
1.838247
-0.995391
0.043821
-0.639374
0.185466
-2.380438
-0.287725
-0.508568
-2.228743
-1.418795
-0.085729
-0.983187
-2.531068
0.004766
-1.662119
-0.785898
0.423667
1.567300
1.475325
0.169622
-0.490450
-0.810842
0.264333
1.537474
-2.411445
-2.916359
-2.968497
1.405090
-1.156450
0.125983
0.461701
-1.266674
-0.452732
-1.670793
0.685266
-2.371861
1.782138
0.126999
-1.060655
-2.484138
1.142584
0.100873
-2.251581
-1.568350
-0.678289
1.976407
-0.585556
1.457654
1.759478
-1.257027
-0.897454
1.752476
1.018407
0.903266
-1.635785
1.050169
-2.553982
0.393164
0.640185
-1.798035
-1.774712
0.946771
-0.380123
-0.502585
-2.763888
-2.854688
-1.643437
-2.019598
-0.263215
-1.904358
0.383829
-1.764791
0.728291
-2.850423
0.809882
-1.777832
-0.051611
1.332452
-2.009997
-0.360495
-1.099967
1.358681
-0.830627
1.306403
1.941541
-2.008732
-2.351799
-1.080985
1.028378
-0.989415
-2.469077
-1.654342
-0.308702
-0.838476
-0.520010
0.863152
0.468644
1.573814
-2.192649
1.487845
0.337837
-1.614092
0.924922
0.229041
1.140796
-1.523094
-0.112397
-0.539587
0.893484
-0.211124
-1.839943
-0.506845
-1.024891
-2.501910
-1.603324
-2.111198
-1.976495
-0.673380
-1.059678
-2.411819
-2.431712
0.298857
-1.853996
-0.379268
1.323736
-1.804468
0.648584
0.581612
-0.357691
-1.253484
-0.636443
-1.363445
0.390214
1.705400
-0.295148
-0.081715
-1.353545
-2.759959
-0.006378
-0.640452
0.948964
0.099789
-1.875553
0.249648
0.155941
1.673312
1.287262
0.698057
-1.161396
-1.085682
-0.857839
-0.927418
-2.871863
-1.839563
-1.292695
1.073710
-1.106370
-2.949716
1.035634
-0.771893
-2.636929
-0.722602
-1.039698
0.768537
-2.336412
0.509284
-1.576180
-1.765000
-1.099286
0.610340
-0.369862
-2.861848
-0.208390
-2.882840
-2.687566
-1.155463
1.737315
1.929501
0.311259
1.366332
-2.816884
-0.178499
1.114897
-0.952117
0.591303
-1.532760
1.894766
-0.031847
-1.343977
-2.698218
-1.215823
-2.030991
1.714128
-1.861012
-1.671445
-1.776437
0.833988
0.983675
0.595345
0.965771
0.867076
-2.456246
0.886458
0.640526
0.948040
1.715811
-1.420370
1.765678
-2.915294
-2.247765
0.621793
-0.321889
-1.914098
-0.108254
1.402318
-0.949001
-1.726633
-0.160810
-1.558489
1.438386
-0.526380
0.571264
-1.517615
0.202640
1.353357
-2.016078
-0.193643
0.432070
-2.250254
-2.259072
1.147791
-0.215073
0.020108
-0.208205
-0.525498
-2.581150
-1.212881
1.949895
-2.038234
0.073601
0.961692
-1.989107
1.225556
0.383892
0.956039
0.989173
-0.124712
1.433760
-1.237912
0.310349
-1.245500
1.848155
-0.971427
1.022072
1.974021
-1.337790
0.649361
-0.220001
1.162614
-0.177219
0.383646
-0.055476
-1.889150
0.264446
-0.672792
-1.887154
-2.522240
-1.675499
1.769110
1.806574
-1.550084
-2.920430
1.093576
-2.238941
-1.080096
-1.227904
